entry_id,entry_type,parent_id,title,description,metadata,version,text_content,code_content,sparse_title_description,dense_text_content,dense_code_snippet,tag
15_1_0_errors_deprecated_analyticsid_mdx,document,,config.analytics is deprecated,,{'related_links': []},15.1.0,"## Why This Error Occurred

The Core Web Vitals of your Next.js application could be tracked and sent to any backend of your choice.

Earlier version of Next.js enable tracking by specifying `analyticsId` into your `next.config.js` file.

This configuration mechanism will be removed in nextjs@15, as it could be elegantly replaced with `useReportWebVitals` built-in hook.

## Possible Ways to Fix It

To remove this warning, you must remove `analyticsId` from your `next.config.js` file.

To keep tracking your Core Web Vitals, you could:

- use `useReportWebVitals` hook as explained [here](/docs/app/api-reference/functions/use-report-web-vitals) and send the metrics to any backend of your choice.
- [install and use](https://vercel.com/docs/speed-insights/quickstart) `@vercel/speed-insights` package into your application",,"[(np.int64(5), np.float64(0.03816268965601921)), (np.int64(7), np.float64(0.10039138793945312)), (np.int64(8), np.float64(0.16523391008377075)), (np.int64(83), np.float64(0.10709967464208603)), (np.int64(297), np.float64(0.10146531462669373)), (np.int64(4460), np.float64(0.1687028706073761)), (np.int64(4692), np.float64(0.19657693803310394)), (np.int64(140815), np.float64(0.29741203784942627)), (np.int64(153837), np.float64(0.2842254936695099))]","[-0.06058186665177345, 0.016353588551282883, -0.03348815441131592, 0.04596386477351189, -0.04300254210829735, -0.055012814700603485, 0.010405810549855232, -0.013589168898761272, -0.04150520637631416, -0.0011194504331797361, -0.005620719399303198, -0.016142932698130608, 0.008042367175221443, 0.010569529607892036, -0.005099233705550432, -0.004452515859156847, 0.002105685416609049, 0.015488852746784687, -0.030487675219774246, -0.0145551897585392, -0.010532725602388382, -0.019623005762696266, 0.019762195646762848, 0.01075178012251854, 0.0008350226562470198, 0.020373130217194557, -0.058022089302539825, -0.019311808049678802, 0.016568828374147415, 0.06553790718317032, 0.023132802918553352, -0.024207863956689835, 0.0005093703512102365, 0.02208315208554268, -0.03865420073270798, 0.008481625467538834, -0.010832666419446468, -0.004169120918959379, -0.0228789784014225, 0.034365564584732056, 0.02164154313504696, 0.0022861952893435955, 0.005445667542517185, -0.03812949359416962, 0.04340231418609619, -0.023320209234952927, 0.008190006017684937, 0.0045247613452374935, -0.005735182203352451, -0.005583542864769697, -0.02881496399641037, -0.0016551368171349168, 0.021953633055090904, -0.031581588089466095, 0.06434569507837296, 0.034575700759887695, 0.014531888999044895, -0.03083162195980549, 0.0330670140683651, 0.036444518715143204, -0.03041786514222622, -0.05873333290219307, -0.016097307205200195, -0.0022843212354928255, 0.0014706309884786606, 0.05590151622891426, -0.019426384940743446, -0.016292940825223923, -0.03704854100942612, -0.0244818814098835, 0.012699611485004425, -0.024596337229013443, -0.012698296457529068, -0.021112602204084396, -0.016537446528673172, 0.02052616886794567, 0.008120937272906303, -0.03457831218838692, 0.05482392758131027, -0.01583537645637989, 0.017690498381853104, -0.006749860942363739, 0.0160154290497303, -0.012946189381182194, 0.03888578340411186, 0.04151400923728943, -0.041307706385850906, 0.027506791055202484, 0.05183892324566841, 0.01865951344370842, -0.015899190679192543, -0.03437182307243347, 0.03813193365931511, -0.01223723590373993, -0.015430910512804985, 0.007503680419176817, -0.0031451620161533356, -0.0016890009865164757, 0.07201586663722992, 0.010839344933629036, 0.00463745417073369, -0.03590041771531105, 0.012960952706634998, 0.0016007202211767435, 0.03392980992794037, 0.015042893588542938, 0.04661279916763306, -0.006372177507728338, -0.004999195691198111, -0.026312418282032013, 0.007964354939758778, -0.021617354825139046, -0.010415829718112946, 0.014895551837980747, 0.00440694997087121, -0.010105845518410206, -0.00652672816067934, -0.02063724584877491, 0.02669663354754448, -0.02172023430466652, 0.059368278831243515, 0.028364067897200584, 0.001237463322468102, -0.03799508139491081, 0.01671472378075123, 0.014028257690370083, 0.004206279292702675, 0.031730230897665024, 0.002755226567387581, 0.01481594517827034, 0.002270690631121397, 0.0037666563875973225, 0.019165368750691414, 0.010902425274252892, -0.045813556760549545, 0.02980399876832962, -0.012197187170386314, 0.015608143992722034, 0.014431580901145935, -0.06557753682136536, 0.043835315853357315, 0.035406216979026794, -0.004802892915904522, -0.04267970100045204, 0.03155096247792244, 0.0024854461662471294, 0.08217660337686539, 0.007031493354588747, 0.039951663464307785, -0.010726222768425941, -0.006365373730659485, -0.016579700633883476, -0.009220277890563011, -0.008478816598653793, -0.017614252865314484, 0.0009321919642388821, -0.003327935002744198, -0.0062127006240189075, -0.0030376045033335686, 0.018343254923820496, -0.026948316022753716, -0.010593371465802193, -0.031588152050971985, 0.005319307558238506, 0.04034201800823212, 0.035425130277872086, 0.0107061006128788, -0.026380270719528198, -1.185028213512851e-05, -0.03943038359284401, 0.012981859035789967, -0.025807254016399384, 0.04021056741476059, -0.013455123640596867, 0.022448256611824036, 0.03103601187467575, 0.040368255227804184, 0.027616096660494804, -0.01287279836833477, 0.005351956468075514, -0.014649417251348495, 0.029750535264611244, -0.01184013206511736, -0.03717890754342079, -0.04885251447558403, 0.018223419785499573, 0.019989751279354095, -0.023114148527383804, -0.017280103638768196, 0.023639844730496407, -0.01764828898012638, 0.011085862293839455, 0.07516452670097351, 0.022957827895879745, 0.020477091893553734, -0.04254581779241562, 0.0026221757289022207, -0.020614229142665863, 0.012416737154126167, -0.03281192481517792, -0.024743512272834778, 0.013052551075816154, 0.03893212601542473, -0.017800353467464447, -0.038689613342285156, -0.026057297363877296, 0.023122498765587807, -0.05571507290005684, 0.05169042944908142, -0.03885730355978012, -0.004691474139690399, -0.009434170089662075, -0.02220458909869194, 0.01831100508570671, -0.07601184397935867, 0.0019010454416275024, -0.009126371704041958, -0.0362754724919796, -0.022506099194288254, -0.03663940355181694, -0.002118820557370782, 0.012117372825741768, -0.006403995677828789, -0.051118094474077225, 0.0034458371810615063, 0.02909666672348976, 0.01745290495455265, 0.018042728304862976, 0.03385380655527115, -0.03717987239360809, 0.0037786653265357018, 0.024700812995433807, 0.07191098481416702, -0.02883150801062584, 0.049419105052948, -0.05565546080470085, -0.029973046854138374, -0.015167837031185627, -0.0030948573257774115, 0.0144049609079957, 0.026559023186564445, -0.05077386274933815, 0.02708725444972515, 0.001756739802658558, -0.025561297312378883, -0.033518705517053604, 0.02700604870915413, 0.01933421567082405, -0.031476423144340515, 0.033669471740722656, -0.014300999231636524, 0.004896434489637613, -0.021176520735025406, -0.03352510184049606, -0.0027401961851865053, 0.010242031887173653, -0.0034536707680672407, -0.01045297458767891, -0.03805785998702049, -0.008739044889807701, 0.049786459654569626, 0.03475792706012726, -0.001585975755006075, 0.0025816471315920353, 0.020381228998303413, 0.0011547071626409888, 0.007338835392147303, -0.0316416397690773, -0.012777519412338734, -0.025172751396894455, -0.042691901326179504, 0.02651420794427395, 0.008340159431099892, -0.017177090048789978, -0.007504549343138933, 0.025531359016895294, -0.029470916837453842, -0.0163667481392622, 0.07220509648323059, 0.021515794098377228, -0.06886885315179825, 0.0526675246655941, 0.034539803862571716, 0.009313336573541164, 0.03965764120221138, 0.0008233875851146877, -0.023275017738342285, -0.04381595179438591, 0.021349534392356873, -0.014146596193313599, -0.008178886026144028, 0.026861142367124557, 0.05382728576660156, -0.019643301144242287, -0.007999969646334648, 0.029908977448940277, 0.001833428512327373, -0.1513998955488205, -0.03407707437872887, 0.014557721093297005, 0.02084953524172306, 0.008379851467907429, 0.04113448038697243, -0.002036960795521736, -0.0013776116538792849, -0.016871824860572815, 0.03956501558423042, 0.002454636851325631, -0.06056367978453636, 0.0005933138309046626, -0.008971010334789753, 0.00046674071927554905, 0.011208671145141125, -0.011236900463700294, -0.01677384041249752, 0.002683898899704218, -0.07439062744379044, -0.019008291885256767, -0.03641808405518532, 0.0119603481143713, -0.026950852945446968, -0.006259542889893055, -0.05591605231165886, 0.06121020391583443, -0.008499081246554852, -0.009190268814563751, 0.03109283372759819, -0.051135387271642685, -0.03509793430566788, 0.002674700925126672, 0.02775140479207039, -0.0009377984097227454, 0.022865891456604004, 0.014886000193655491, -0.02055106684565544, -0.025250215083360672, -0.0638761818408966, 0.04200603440403938, 0.004809378180652857, -0.027661558240652084, -0.014214135706424713, 0.06764131039381027, -0.026716407388448715, 0.013572669588029385, -0.017525168135762215, -0.025898532941937447, -0.03854948282241821, 0.01102686207741499, 0.0021574085112661123, 0.02501223236322403, -0.01699051447212696, -0.009272334165871143, 0.016142461448907852, 0.007346888072788715, 0.022898605093359947, -0.03280171751976013, -0.020018473267555237, -0.023438390344381332, -0.03177410364151001, 0.04564651846885681, -0.005318915005773306, -0.040317073464393616, 0.010270098224282265, 0.034606195986270905, 0.00414457218721509, 0.02445422299206257, -0.03677164390683174, 0.011822198517620564, -0.009657616727054119, 0.004715075250715017, 0.011371326632797718, -0.03423426300287247, 0.0007187300361692905, -0.01360343024134636, -0.06291605532169342, -0.013232985511422157, -0.11744852364063263, 0.0033547719940543175, 0.021664364263415337, 0.004078960977494717, -0.009714927524328232, -0.03947271406650543, 0.00973321683704853, 0.032845888286828995, -0.01921258307993412, 0.03222774341702461, 0.23445169627666473, 0.0162882748991251, -0.03841468691825867, 0.07585907727479935, 0.04386221617460251, -0.02814033441245556, 0.028024299070239067, 0.0326680950820446, 0.03309745714068413, -0.04148028418421745, -0.019268102943897247, -0.03127850592136383, 0.003540082834661007, -0.02976769208908081, -0.012611355632543564, 0.04327985644340515, -0.016901029273867607, 0.06096349656581879, 0.05615865811705589, -0.028266917914152145, 0.022486384958028793, 0.0066999997943639755, 0.02392716333270073, 0.024007325991988182, -0.08647084981203079, 0.007394267246127129, -0.012159171514213085, -0.019520895555615425, -0.0203164704144001, 0.04994310811161995, -0.013627936132252216, 0.03195648267865181, 0.04400750994682312, -0.028421852737665176, -0.044938210397958755, 0.004059609957039356, 0.019756997004151344, -0.021367156878113747, -0.01148302387446165, 0.030659496784210205, -0.00854529906064272, -3.183563967468217e-05, 0.022156445309519768, 0.03161582350730896, 0.015003561042249203, -0.04173402115702629, -0.007164441514760256, -0.02725245989859104, 0.021368075162172318, -0.04631814733147621, -0.03650403767824173, 0.0022442913614213467, 9.331633918918669e-05, -0.0042694006115198135, 0.0042130653746426105, -0.008646015077829361, -0.008096037432551384, -0.0012496310519054532, -0.014416944235563278, 0.051181018352508545, 0.027192911133170128, -0.0043111154809594154, -0.05322017893195152, 0.04391157254576683, -0.024129733443260193, 0.001622306532226503, 0.01214603241533041, -0.01745675317943096, 0.01465296559035778, 0.027768993750214577, -0.01808798313140869, 0.03646652400493622, 0.02990631014108658, -0.005717511288821697, -0.00434922007843852, -0.042249616235494614, -0.001693188096396625, 0.05763448029756546, -0.057860229164361954, 0.022402707487344742, -0.016462987288832664, 0.017463037744164467, -0.027388809248805046, 0.0297981146723032, 0.0234213974326849, -0.015953490510582924, 0.041750770062208176, 0.08331424742937088, -0.04890334978699684, 0.004536060616374016, -0.03788410499691963, 0.01162037905305624, -0.012156696058809757, 0.06938281655311584, 0.00512316869571805, 0.04151148721575737, 0.008441709913313389, -0.03352540731430054, 0.0017549119656905532, 0.05119083821773529, -0.021859288215637207, -0.000238176085986197, 0.010710323229432106, -0.004947735462337732, 0.027558594942092896, -0.04537169635295868, 0.008272589184343815, 5.033793058828451e-05, 0.028797926381230354, -0.011637589894235134, -0.06448140740394592, 0.00991146918386221, 0.023069070652127266, -0.012082312256097794, -0.03836271911859512, 0.03278808295726776, 0.033989135175943375, 0.0025257642846554518, 0.02752242237329483, 0.011801309883594513, 0.019611317664384842, 0.018311668187379837, -0.03822750598192215, 0.02360578440129757, -0.004473297856748104, -0.02810385450720787, -0.019504792988300323, 0.006030181888490915, -0.011205083690583706, 0.01770487055182457, 0.05529271811246872, -0.007925915531814098, 0.0053661237470805645, 0.0241868793964386, -0.005717046093195677, 0.03545626252889633, -0.029222188517451286, 0.033290889114141464, -0.030015569180250168, 0.0613054521381855, -0.050891418009996414, -0.003614050569012761, -0.018406717106699944, -0.02160057984292507, 0.014791599474847317, 0.003986722324043512, 0.004919984843581915, -0.007072906009852886, 0.0011576523538678885, 0.001080448622815311, 0.055809251964092255, 0.04564812779426575, 0.0011978952679783106, -0.030637748539447784, -0.011729931458830833, -0.06628736108541489, -0.005838333163410425, 0.007069997955113649, -0.009422866627573967, -0.02425716444849968, 0.002829013392329216, -0.0077772485092282295, -0.002303691813722253, 0.030939379706978798, 0.013047884218394756, 0.013962995260953903, 0.01507464237511158, 0.01612633839249611, 0.005812020506709814, 0.00865973811596632, -0.03625914454460144, -0.06191704049706459, -0.04891465604305267, 0.010418170131742954, -0.005465521477162838, -0.0042727915570139885, -0.09372498095035553, 0.00502015883103013, 0.0125401197001338, -0.006537202280014753, 0.009557207114994526, 0.03890831395983696, -0.047855526208877563, -0.029774418100714684, 0.030157923698425293, -0.027180014178156853, 0.007168831769376993, -0.011519092135131359, 0.045875776559114456, -0.04965434595942497, -0.012820322997868061, 0.09710773825645447, 0.05175463482737541, -0.006868578493595123, 0.04287460818886757, -0.014902292750775814, 0.04956568032503128, 0.06368483603000641, -0.014027771539986134, 0.016941137611865997, 0.029124809429049492, -0.016117999330163002, -0.0015748768346384168, 0.021091466769576073, 0.04465523734688759, -0.010689220391213894, -0.051006268709897995, 0.01732475683093071, -0.010876288637518883, 0.04230581969022751, 0.006801312789320946, 0.04493321478366852, -0.0656442791223526, 0.004400399047881365, 0.01535943802446127, -0.020921988412737846, 0.08650600165128708, 0.03217161446809769, 0.03349263221025467, -0.0006772131891921163, -0.030593590810894966, -0.0031333703082054853, 0.01907423324882984, -0.04177867993712425, -0.04018222540616989, -0.02826240099966526, -0.024870287626981735, 0.005607149098068476, 0.05725180730223656, 0.02446574717760086, -0.008125672116875648, 0.001219721743836999, 0.0275115929543972, -0.02475077658891678, -0.00035687797935679555, -0.006320207845419645, 0.013539846055209637, 0.01772831194102764, 0.010100440122187138, -0.0020595784299075603, -0.023591138422489166, -0.004987545311450958, 0.028661174699664116, 0.01953769475221634, 0.013758926652371883, 0.020740490406751633, 0.01054344605654478, -0.04210558906197548, -0.029350299388170242, 0.023860778659582138, -0.013323960825800896, -0.0014304962242022157, 0.019846590235829353, -0.003126571886241436, 0.0555674284696579, 0.03662825748324394, 0.0003494540578685701, -0.023238670080900192, -0.034845102578401566, -0.0010522226803004742, 0.002611452015116811, 0.0007004478247836232, -0.021715592592954636, -0.0074583240784704685, -0.03877825289964676, -0.024640893563628197, 0.039237696677446365, -0.023329488933086395, -0.016224082559347153, -0.06311313062906265, -0.011918557807803154, 0.004854122642427683, 0.007853626273572445, -0.009749708697199821, 0.021004820242524147, 0.0017716519068926573, -0.05696021020412445, 0.0008488281746394932, -0.027486173436045647, -0.05523267388343811, -0.029031502082943916, -0.005789221730083227, -0.003937361761927605, 0.07280479371547699, -0.0007587966974824667, 0.0690552294254303, 0.022321579977869987, 0.0023031369782984257, -0.017550719901919365, -0.025257771834731102, 0.009755758568644524, -0.02654370851814747, -0.055833593010902405, -0.005636904388666153, -0.01261593122035265, -0.006212152075022459, -0.017950382083654404, 0.03702131286263466, -0.007652696687728167, 0.027682432904839516, 0.023309048265218735, 0.0011847870191559196, 0.013271509669721127, -0.0041118101216852665, -0.008218199014663696, 0.04646024480462074, -0.03515157103538513, 0.0033710687421262264, 0.047264669090509415, 0.0037326442543417215, -0.038347240537405014, -0.08830417692661285, 0.03966362029314041, 0.027906347066164017, 0.023858705535531044, -0.0016350116347894073, 0.0793137326836586, -0.02335282973945141, -0.002019282663241029, -0.011721565388143063, 0.02142881229519844, -0.028531955555081367, -0.02218935266137123, -0.0021479721181094646, -0.006569353397935629, 0.01897476427257061, 0.03222917765378952, -0.040579624474048615, -0.02653919905424118, 0.0030652133282274008, -0.042401425540447235, -0.04092511534690857, -0.028413500636816025, -0.03671761602163315, -0.016347335651516914, 0.003962320741266012, -0.007280316203832626, -0.037168025970458984, -0.004203418269753456, -0.015234633348882198, -0.016712207347154617, 0.022260183468461037, 0.0653814747929573, 0.0017366305692121387, -0.030031509697437286, -0.044795915484428406, 0.0007422123453579843, -0.02107846364378929, -0.016690775752067566, 0.01515093445777893, 0.021400220692157745, 0.00725409435108304, -0.017163528129458427, -0.055370353162288666, -0.020784495398402214, 0.05293112248182297, 0.007093389518558979, -0.0029717381112277508, 0.0020303663332015276, 0.02664916217327118, -0.02929934859275818, 0.05532294511795044, -0.01710209622979164, -0.006229768972843885, 0.03579888492822647, -0.002436186885461211, 0.018281325697898865, -0.02253430150449276, -0.005333549343049526, 0.01617038995027542, -0.01076334249228239, 0.03483681380748749, 0.004758100025355816, -0.016937553882598877, 0.013328392058610916, 0.05546988174319267, -0.01829453557729721, 0.01242800336331129, 0.03075878508388996, 0.019315320998430252, -0.042020462453365326, -0.04066586121916771, -0.034822870045900345, -0.03009120002388954, -0.03976403549313545, -0.020941544324159622, -0.022428248077630997, 0.0016616338398307562, 0.0040699876844882965, 0.028297893702983856, 0.03595161437988281, -0.004326521418988705, -0.04931420832872391, 0.020197348669171333, -0.14093664288520813, 0.0035558261442929506, 0.008238914422690868, 0.010342851281166077, -0.014064673334360123, 0.0009345593862235546, 0.028876623138785362, -0.06497571617364883, -0.00451118778437376, -0.019432617351412773, -0.02392813004553318, 0.007758504711091518, 0.00013026921078562737, -0.007037465460598469, 0.010085539892315865, 0.024671312421560287, 0.020159130915999413, -0.006954052485525608, -0.000551744713447988, 0.0009057556162588298, -0.0006747151492163539, 0.00954641867429018, 0.029995400458574295, -0.004309235140681267, -0.008147685788571835, 0.0075555057264864445, -0.00038419419433921576, 0.0013115917099639773, -6.141710764495656e-05, -0.00824498850852251, -0.0322120375931263, -0.03397339582443237, 0.0038322454784065485, 0.035034243017435074, -0.0253431499004364, -0.009681030176579952, 0.001445475034415722, 0.009796693921089172, -0.009432383812963963, 0.0011905704159289598, 0.03221198916435242, 0.010654580779373646, -0.051341231912374496, -0.004130528774112463, 0.01907813549041748, 0.04163157939910889, -0.029959864914417267, -0.03214411437511444, -0.04570593312382698, -0.02180636301636696, -0.008622642606496811, 0.04821077361702919, -0.019758714362978935, 0.005884603131562471, 0.01047902088612318, 0.0024437238462269306, -0.03520718589425087, -0.022652732208371162, -0.06376184523105621, 0.008607118390500546, 0.011541573330760002, -0.0032795905135571957, -0.04594804346561432, -0.043239958584308624, -0.020636826753616333, 0.028696443885564804, -0.046160899102687836, 0.06467137485742569, -0.03301319107413292, -0.02982875518500805, -0.029437707737088203, -0.004484716337174177, -0.024425974115729332, -0.013647574931383133, -0.005695675499737263, -0.002843610942363739, 0.01907452754676342, -0.05989997461438179, 0.0006486615748144686, -0.02062641642987728, -0.06290736049413681, -0.035645678639411926, -0.05304053798317909, 0.057820793241262436, 0.08925829827785492, -0.005818373989313841, 0.010874098166823387, -0.007470522541552782, -0.024615732952952385, -0.06250590831041336, -0.05536841228604317, -0.012065449729561806, -0.0292773749679327, 0.00296037457883358, -0.02065165527164936, -0.019054774194955826, 0.008720449171960354, 0.004152338020503521, 0.02119351737201214, -0.02447904273867607, 0.007171550765633583, -0.055749423801898956, 0.04475688934326172, 0.008229612372815609, -0.022996604442596436, -0.03783789649605751, 0.04124074801802635, 0.0440877266228199, -0.02567973919212818, -0.010722363367676735, -0.023833749815821648, 0.015723779797554016, -0.03172456845641136, -0.0010374544654041529, -0.0642012506723404, 0.0021260662470012903, -0.008387201465666294, -0.0022446555085480213, -0.008428291417658329, -0.008508335798978806, 0.029211658984422684, 0.02786891721189022, 0.03946175053715706, -0.03205579146742821, 0.014181956648826599, -0.013965184800326824, 0.008945911191403866, 0.042780447751283646, -0.006860040128231049, -0.021233391016721725, 0.01919497177004814, -0.04967581480741501, -0.041505325585603714, 0.038382258266210556, 0.01701793447136879, 0.038771435618400574, -0.03250223770737648, 0.02155262790620327, -0.07031626999378204, -0.03277773782610893, -0.022896336391568184, -0.012863067910075188, 0.02567286603152752, -0.06406093388795853, 0.005018020048737526, 0.003996481653302908, 0.033381011337041855, -0.02128729410469532, -0.017948506399989128, -0.0027579921297729015, -0.03635188192129135, -0.01667582057416439, 0.004742561373859644, 0.0436178483068943, -0.050788216292858124, 0.027807684615254402, -0.012802911922335625, 0.07849466055631638, -0.056023094803094864, 0.04021827131509781, -0.014910872094333172, -0.07784723490476608, -0.005621038377285004, -0.026509230956435204, -0.010829441249370575, 0.019466444849967957, -0.007544555235654116, -0.018045444041490555, -0.02285004034638405, 0.010877053253352642, 0.0073983874171972275, 0.07813005894422531, -0.018526654690504074, 0.05152284726500511, 0.04407385736703873, -0.042526718229055405, -0.003221029182896018, -0.013355327770113945, 0.026986584067344666, 0.008778956718742847, 0.011117101646959782, 0.00022481070482172072, 0.031226977705955505, 0.014078794047236443, 0.023662487044930458, 0.007389097008854151, 0.022983577102422714, 0.01939450018107891, 0.022515317425131798, -0.010543192736804485, -0.025019092485308647, -0.003926828503608704, 0.001445633708499372, -0.0008198577561415732, 0.004710028413683176, -0.03115271031856537, 0.013164046220481396, 0.009739301167428493, 0.0476110614836216, 0.06258293241262436, 0.003208727343007922, -0.01941232942044735, 0.033195871859788895, -0.010025803931057453, -0.004256031941622496, 0.025318536907434464, -0.015638526529073715, 0.009644128382205963, 0.00026240022270940244, 0.046957723796367645, -0.027440018951892853, -0.02032344974577427, 0.031190132722258568, -0.014071761630475521, 0.005720950197428465, -0.032895587384700775, -0.009039505384862423, 0.004673785995692015, 0.02592918835580349, -0.023452632129192352, 0.03388085588812828, 0.03547931835055351, -0.002899725455790758, -0.007801436819136143, -0.05719437822699547, -0.01320483535528183, -0.008972232230007648, 3.9364706026390195e-05, 0.005672128405421972, 0.03650664538145065, -0.0052620479837059975, 0.01889757812023163, -0.02381855435669422, 0.05186992138624191, 0.030366936698555946, 0.01234899926930666, 0.00991427805274725, 0.036815620958805084, -0.03432559221982956, 0.017244214192032814, 0.0003460225707385689, -0.0009269385482184589, 0.012146620079874992, 0.021219609305262566]",,
15_1_0_errors_deprecated_analyticsid_mdx_section_1,section,15_1_0_errors_deprecated_analyticsid_mdx,config.analytics is deprecated - Why This Error Occurred,,{},15.1.0,"The Core Web Vitals of your Next.js application could be tracked and sent to any backend of your choice.
Earlier version of Next.js enable tracking by specifying `` into your `` file.
This configuration mechanism will be removed in nextjs@15, as it could be elegantly replaced with `` built-in hook.
",,"[(np.int64(5), np.float64(0.0012966729700565338)), (np.int64(7), np.float64(0.10590589046478271)), (np.int64(8), np.float64(0.16888734698295593)), (np.int64(83), np.float64(0.0783098042011261)), (np.int64(238), np.float64(0.008277837187051773)), (np.int64(297), np.float64(0.061744462698698044)), (np.int64(3293), np.float64(0.11854436993598938)), (np.int64(4460), np.float64(0.1800260692834854)), (np.int64(4692), np.float64(0.19935321807861328)), (np.int64(44084), np.float64(0.11865033954381943)), (np.int64(64240), np.float64(0.08860785514116287)), (np.int64(140815), np.float64(0.30866625905036926)), (np.int64(153837), np.float64(0.2875208854675293)), (np.int64(212059), np.float64(0.22754572331905365))]","[-0.050688840448856354, -0.005315582733601332, -0.038957107812166214, 0.07607284933328629, -0.0359032079577446, -0.05213068053126335, 0.01535451877862215, -0.010849604383111, -0.023350074887275696, -0.0002108641347149387, -0.0028246098663657904, -0.012103782035410404, -0.012137849815189838, 0.03316861018538475, -0.047874972224235535, 0.03325161337852478, 0.0021048730704933405, 0.002775708446279168, -0.0036032823845744133, -0.012778334319591522, -0.026120534166693687, -0.032283078879117966, 0.0022327087353914976, 0.003931751009076834, 0.020417029038071632, 0.007382560521364212, -0.037913016974925995, 0.009972439147531986, -0.020122116431593895, 0.06663724035024643, 0.02343558520078659, -0.003951689228415489, -0.0015819432446733117, 0.03632781282067299, -0.03944507986307144, -0.01943334750831127, 0.009648230858147144, -0.004989305045455694, -0.012292378582060337, 0.0305310245603323, 0.008661717176437378, 0.0026851233560591936, -0.0007585985586047173, -0.02950328402221203, 0.03082597255706787, -0.010990612208843231, -0.01129255909472704, -0.0009065571939572692, -0.016684941947460175, -0.016750160604715347, -0.02940957061946392, 0.01740652322769165, 0.0039342669770121574, -0.021153327077627182, 0.04354831948876381, 0.0373896025121212, -0.02027251198887825, -0.06365692615509033, 0.02458593063056469, 0.04110461100935936, -0.015092762187123299, -0.02841316908597946, -0.00916676688939333, -0.0019741742871701717, -0.004929651971906424, 0.021237526088953018, 0.001300881733186543, -0.011203407309949398, -0.01335007045418024, -0.04125780984759331, 0.022742394357919693, -0.013993687927722931, -0.026978416368365288, -0.05122552067041397, -0.017617736011743546, 0.018265707418322563, 0.004292466677725315, -0.04113956168293953, 0.005847353488206863, -0.010690858587622643, 0.004696141462773085, -0.02154499851167202, 0.03930768743157387, -0.02011861465871334, 0.04871828481554985, -0.001722801011055708, -0.030222391709685326, 0.05129677429795265, 0.0451747328042984, 0.02985801361501217, -0.0035254592075943947, -0.016806943342089653, 0.034848302602767944, -0.029459523037075996, -0.031327247619628906, 0.006075697485357523, 0.04761751368641853, -0.00721907801926136, 0.07932112365961075, -0.024829106405377388, -0.00632427679374814, -0.044618021696805954, 0.012744126841425896, 0.030444489791989326, 0.024065207690000534, 0.008561946451663971, 0.044000688940286636, 0.013884988613426685, -0.010257056914269924, -0.027579018846154213, 0.0319787859916687, 0.00812557339668274, -0.011124690994620323, 0.03562462329864502, 0.003437117440626025, -0.0321553535759449, 0.0032700304873287678, -0.028607714921236038, -0.01540001668035984, -0.024374909698963165, 0.026593830436468124, 0.0043580359779298306, -0.0013740278081968427, 0.0048687332309782505, 0.007176241837441921, -0.009635337628424168, 0.008542796596884727, 0.0256805419921875, -0.026608388870954514, -0.004645911045372486, -0.022278588265180588, 0.02227765880525112, 0.03409329801797867, 0.023700037971138954, -0.04786263033747673, 0.008847874589264393, -0.009278245270252228, 0.017681801691651344, -0.0029862329829484224, -0.04724302515387535, 0.0398477278649807, 0.012081140652298927, 0.003699278924614191, -0.05399978905916214, 0.024294918403029442, 0.0024784146808087826, 0.0615055225789547, 0.03174512833356857, 0.03432411327958107, -0.031694553792476654, 0.006117313634604216, -0.000205372620257549, 0.011998457834124565, 0.011598758399486542, -0.006184227764606476, -0.0029250807128846645, 0.01754419505596161, 0.0031279888935387135, -0.007861617021262646, 0.010413460433483124, -0.016239900141954422, -0.023058151826262474, -0.017520250752568245, 0.00850911159068346, 0.08709165453910828, -0.025938047096133232, 0.010561281815171242, -0.03271481394767761, -0.021198879927396774, -0.04211999103426933, -0.008484425954520702, -0.011383404955267906, 0.058327868580818176, 0.011518554762005806, 0.03353383392095566, 0.046316348016262054, 0.020592624321579933, 0.022571373730897903, -0.029126862064003944, -0.009338190779089928, -0.008305833674967289, 0.005581366829574108, 0.009212673641741276, -0.06245462968945503, -0.04184257611632347, 0.029705829918384552, 0.000299331994028762, -0.013897611759603024, -0.021462462842464447, 0.014565140008926392, -0.023547494783997536, 0.0016467352397739887, 0.08244679123163223, 0.02466229349374771, 0.0019482278730720282, 0.0033142257016152143, 0.014225952327251434, -0.01551840640604496, 0.004858998116105795, -0.018375761806964874, -0.011341379955410957, 0.007110832259058952, 0.002236600499600172, -0.025444993749260902, -0.03973568230867386, -0.03811168298125267, -0.02264564484357834, -0.043822646141052246, 0.008835529908537865, -0.03253742307424545, 0.0010778674622997642, -0.023955313488841057, -0.023528948426246643, 0.0032654227688908577, -0.05155820772051811, 0.010647145099937916, -0.00796302780508995, -0.051611702889204025, 0.0008474433561787009, -0.06485739350318909, 0.021515293046832085, 0.008220422081649303, 0.03485693037509918, -0.03437316045165062, -0.011417444795370102, 0.011054372414946556, 0.01831536926329136, 0.024726273491978645, 0.0092528210952878, -0.017865806818008423, 0.004224815871566534, 0.018882689997553825, 0.05445239320397377, -0.028563430532813072, 0.0037514835130423307, -0.06477594375610352, -0.07207021862268448, 0.03107798844575882, 0.0028295288793742657, -0.022045252844691277, 0.02822256274521351, -0.027250533923506737, 0.03983220458030701, 0.011214290745556355, -0.0037361569702625275, -0.02898664027452469, 0.002955353120341897, 0.02331913635134697, -0.032832805067300797, 0.026344265788793564, 0.002808738499879837, 0.022427652031183243, -0.028831936419010162, -0.011978092603385448, 0.026165125891566277, 0.009385504759848118, 0.007377855479717255, 0.0003621432406362146, -0.03344053775072098, -0.025186577811837196, 0.035056017339229584, 0.05265001207590103, -0.0007705806638114154, 0.0005891259643249214, 0.023907553404569626, 0.02847941778600216, 0.03802379593253136, -0.039755385369062424, 0.003497702069580555, -0.009787273593246937, -0.03606795147061348, 0.006548736710101366, 0.005367620848119259, -0.03051134943962097, -0.004342212807387114, 0.03522055596113205, -0.02041505090892315, -0.03921349719166756, 0.06953642517328262, 0.0071721151471138, -0.0437166653573513, 0.01994231902062893, 0.05453212931752205, 0.04369885101914406, 0.07691904902458191, -0.013287832029163837, -0.007739723194390535, -0.021031077951192856, 0.016617752611637115, -0.0035573907662183046, -0.0009293879847973585, 0.015091421082615852, 0.05888831987977028, -0.0370795913040638, -0.02093588002026081, 0.005948116071522236, 0.0034455065615475178, -0.14647909998893738, -0.046179722994565964, 0.011478244327008724, -0.0005719520850107074, 0.020040886476635933, 0.03489501401782036, -0.011657239869236946, -0.001568485633470118, -0.04248511791229248, 0.059676334261894226, -0.006379933562129736, -0.06059323251247406, 0.01625867187976837, -0.016331709921360016, 0.026515552774071693, 0.007617554627358913, -0.02398260124027729, -0.004317167680710554, -0.003484367858618498, -0.05908161774277687, 0.015330533497035503, -0.04807643964886665, 0.04548735171556473, -0.0003862219746224582, 0.018703779205679893, -0.03580611199140549, 0.05128402262926102, -0.0039033538196235895, -0.011959315277636051, 0.048451367765665054, -0.027148231863975525, -0.024829253554344177, 0.012959623709321022, 0.020622627809643745, -0.008610478602349758, -0.0005930354236625135, 0.01740097999572754, 0.004402009770274162, -0.02641076035797596, -0.06656613200902939, 0.05046689510345459, -0.016087204217910767, -0.03692862391471863, -0.012112533673644066, 0.04354623705148697, -0.025699658319354057, -0.005973555147647858, -0.017399432137608528, -0.05860604718327522, -0.01611475646495819, 0.0399169959127903, -0.012844777666032314, -0.01445270236581564, -0.012780508026480675, -0.03798745200037956, 0.006845374125987291, 0.04846322908997536, 0.01372477039694786, -0.01937888190150261, 0.007075407542288303, -0.0487244576215744, -0.022873125970363617, 0.061922430992126465, -0.0052962154150009155, -0.05670379474759102, 0.018356211483478546, 0.038845665752887726, 0.008610979653894901, 0.030394433066248894, -0.0464533232152462, 0.005878934636712074, -0.00638226792216301, 0.007477586157619953, 0.00858250167220831, -0.05759166181087494, 0.0028196468483656645, 0.006130540743470192, -0.05761604383587837, 0.0033459430560469627, -0.09120310842990875, 0.006591601762920618, 0.010536769405007362, -0.0013532321900129318, 0.015703225508332253, -0.029965562745928764, -0.0038374452851712704, 0.03717228025197983, -0.030930835753679276, 0.020462391898036003, 0.239471897482872, 0.03259555622935295, -0.005054319277405739, 0.06682529300451279, 0.036233093589544296, -0.02052276022732258, 0.022752193734049797, 0.06774485856294632, 0.03907178342342377, -0.038447268307209015, 0.005747846327722073, -0.018006199970841408, -0.009378517046570778, -0.03306080400943756, 0.009876125492155552, 0.01804558001458645, -0.02373933233320713, 0.03651551157236099, 0.05397038906812668, -0.046210289001464844, 0.024350367486476898, -0.01607000082731247, 0.053331971168518066, 0.01580756902694702, -0.06729551404714584, 0.035630665719509125, 0.003160674124956131, -0.021709749475121498, 0.008572898805141449, 0.017051352187991142, -0.007784572895616293, 0.02272484265267849, 0.008448787033557892, -0.02254602313041687, -0.055308688431978226, -0.0419025756418705, 0.003956735134124756, -0.013931571505963802, -0.030883243307471275, 0.025293035432696342, -0.02841530181467533, 0.0019000486936420202, -0.0251429695636034, 0.0033410429023206234, -0.0010916979517787695, -0.04670821130275726, 0.0007555720512755215, -0.024786753579974174, 0.024457106366753578, -0.04332146421074867, -0.031761351972818375, -0.009344168938696384, 0.016115108504891396, -0.016280842944979668, 0.012329734861850739, -0.025508183985948563, 0.014010276645421982, -0.0009381487616337836, 0.04153987020254135, 0.041979480534791946, 0.029004063457250595, -0.011662212200462818, -0.0519770011305809, 0.04760696366429329, -0.0037276563234627247, -0.013151186518371105, 0.023024098947644234, -0.01950579695403576, 0.04500291496515274, 0.03905799239873886, 0.0025458631571382284, 0.03667584806680679, 0.021760977804660797, -0.02560848370194435, 0.003370855236425996, -0.022896673530340195, -0.0015338488155975938, 0.040815629065036774, -0.03635939210653305, 0.04038077965378761, 0.0036364253610372543, -0.029438473284244537, -0.017986960709095, 0.026819178834557533, 0.036909621208906174, -0.02179049886763096, 0.03258552402257919, 0.08164004236459732, -0.015900740399956703, -0.005750161595642567, -0.034141797572374344, 0.010355791077017784, -0.009340041317045689, 0.06754143536090851, -0.0016825804486870766, 0.006988330744206905, 0.0005170968943275511, -0.05555838719010353, -0.001664758543483913, 0.029485855251550674, -0.008131779730319977, 0.004014865029603243, 0.019105250015854836, -0.0430133119225502, 0.03490781411528587, -0.030701417475938797, -0.004760573152452707, -0.03329737111926079, 0.03632714971899986, -0.03321949765086174, -0.02326083742082119, -0.0011284593492746353, 0.0050825756043195724, -0.021122438833117485, -0.042033012956380844, 0.06152446195483208, 0.033403731882572174, 0.020045768469572067, 0.029509663581848145, -0.0042601232416927814, 0.018197504803538322, -4.9307127483189106e-05, -0.04488486796617508, 0.03336544334888458, -0.020391931757330894, -0.046387456357479095, -0.021340256556868553, -0.015522879548370838, -0.02431880310177803, 0.028433971107006073, 0.05556313320994377, -0.015966927632689476, 0.026303604245185852, 0.024752413854002953, -0.004382348619401455, 0.020648296922445297, 0.008093808777630329, -0.015594962053000927, -0.016561005264520645, 0.03775202855467796, -0.06259672343730927, 0.011210035532712936, -0.01706872507929802, -0.02200843207538128, 0.02125372365117073, 0.021425198763608932, 0.019174868240952492, 0.020312661305069923, 0.0037159512285143137, -0.0067938691936433315, 0.023603614419698715, 0.07800287753343582, -0.009965850040316582, -0.04458446055650711, -0.005333256907761097, -0.06611402332782745, -0.012627373449504375, 0.00793856754899025, -0.014183983206748962, -0.016122639179229736, -0.0178548451513052, 0.014772349037230015, 0.02484773099422455, 0.029297012835741043, 0.007090847473591566, 0.0082965437322855, 0.0036045231390744448, 0.0394337922334671, -0.014551614411175251, -0.010772592388093472, -0.04766438901424408, -0.06037136912345886, -0.02957228757441044, -0.011762885376811028, -0.0024770440068095922, -0.007707520388066769, -0.0731312707066536, 0.015391617082059383, 0.0005526657914742827, -0.020826248452067375, 0.008576888591051102, 0.02112511545419693, -0.02057836763560772, -0.05208702012896538, 0.01512611098587513, -0.048644889146089554, -0.0055628614500164986, -0.006323923356831074, 0.03739033639431, -0.02405458129942417, -0.02339600957930088, 0.11683784425258636, 0.031137743964791298, -0.008584443479776382, 0.06847091764211655, -0.0336468368768692, 0.059109464287757874, 0.028606032952666283, -0.027300840243697166, 0.002349815797060728, 0.01986503414809704, -0.00786558073014021, -0.006584079470485449, 0.010334623046219349, 0.004699901677668095, -0.006855333223938942, -0.06742287427186966, -0.012102901004254818, -0.03167692571878433, 0.013940706849098206, -0.0005945625598542392, 0.02073952555656433, -0.05142754688858986, -0.0025475022848695517, 0.015738151967525482, -0.02267524227499962, 0.06744217127561569, 0.035978276282548904, 0.02660222165286541, -0.028042322024703026, -0.007810120936483145, -0.006972798611968756, 0.00550456577911973, -0.024500634521245956, -0.011045687831938267, -0.017583854496479034, 0.01120284479111433, 0.01174958422780037, 0.03271741420030594, -0.017634134739637375, -0.007951784878969193, 0.02850470505654812, -0.010484138503670692, -0.027916038408875465, -0.0030331842135638, 0.01398911140859127, 0.0462663397192955, 0.007196449209004641, -0.003404176328331232, -0.042864978313446045, -0.014416594058275223, 0.022120093926787376, 0.04769129678606987, 0.010210776701569557, 0.014222051948308945, 0.010481961071491241, 0.022979605942964554, -0.03439048305153847, 0.0028484275098890066, 0.02466781809926033, -0.018983405083417892, -0.02377401664853096, -0.012040958739817142, 0.005609176121652126, 0.03162381798028946, 0.0029442498926073313, 0.02985452115535736, -0.04421522095799446, -0.037573348730802536, -0.014743792824447155, 0.015810634940862656, 0.004847287200391293, -0.005745147354900837, -0.011553408578038216, 0.007555852178484201, -0.026508884504437447, 0.025915855541825294, -0.03229815885424614, -0.026454564183950424, -0.0653272420167923, -0.004077231977134943, -0.012137816287577152, 0.009722471237182617, -0.031905267387628555, 0.05082690715789795, -0.025614580139517784, -0.0668393149971962, -0.01334538497030735, -0.03811590000987053, -0.03996509686112404, -0.0662909671664238, 0.00996843259781599, 0.01317001786082983, 0.05505875125527382, 0.0014464549021795392, 0.06824912130832672, 0.024788901209831238, -0.004751672502607107, -0.007241489365696907, -0.018676018342375755, 0.0183916836977005, -0.013806017115712166, -0.037510402500629425, -0.0010505766840651631, 0.0028762882575392723, 0.005097007378935814, -0.013703498058021069, 0.027840090915560722, -0.03178415447473526, 0.0070714703761041164, 0.010233873501420021, 0.021329224109649658, 0.01096197497099638, -0.026113316416740417, -0.001919020083732903, 0.03728024289011955, 0.002088491339236498, 0.0002790133294183761, 0.058378927409648895, -0.006182471755892038, -0.026193415746092796, -0.04728253558278084, 0.021537993103265762, 0.026087632402777672, 0.024700172245502472, 0.0015075169503688812, 0.05800219997763634, -0.009949557483196259, -0.0017164077144116163, -0.028090497478842735, -0.009306001476943493, 0.002657547825947404, -0.02660386823117733, -0.025766843929886818, 0.001803272170946002, 0.04331614077091217, 0.0599207766354084, -0.03255196660757065, -0.05129647254943848, 0.028569616377353668, -0.03157993406057358, -0.042082514613866806, -0.015497973188757896, -0.029303904622793198, -0.00831624399870634, -0.010812179185450077, 0.01594746671617031, -0.007942217402160168, 0.027865899726748466, -0.016369439661502838, -0.03145314380526543, -0.004275275394320488, 0.03977511078119278, 0.007065347861498594, 0.0014952818164601922, -0.062455810606479645, 0.012705173343420029, -0.03995807468891144, -0.016007639467716217, 0.002456352114677429, 0.02046528086066246, 0.012943029403686523, -0.022380352020263672, -0.05267389491200447, -0.005808396264910698, 0.007692964747548103, 0.021209778264164925, -0.04088354855775833, 0.04199455678462982, 0.006080338731408119, -0.030988357961177826, 0.04743451625108719, -0.015073675662279129, -0.027613790705800056, 0.05543530732393265, 0.02538367360830307, 0.03130650147795677, -0.04717276245355606, 0.023613523691892624, 0.01138434000313282, 0.00013745189062319696, -0.009682283736765385, 0.002934721065685153, -0.01836341619491577, 0.000558929517865181, 0.022604553028941154, -0.019759703427553177, 0.013461102731525898, 0.03740370646119118, 0.019611557945609093, -0.028926286846399307, -0.045292966067790985, -0.030646180734038353, -0.02108433097600937, -0.023822356015443802, -0.020167451351881027, -0.014723856002092361, 0.020681973546743393, 0.01941649056971073, 0.027571391314268112, 0.014193710871040821, -0.0057219951413571835, -0.03173772990703583, 0.0026571571361273527, -0.14481016993522644, 0.028330804780125618, -0.011172240599989891, 0.039399657398462296, -0.020922617986798286, -0.011917512863874435, 0.018082138150930405, -0.03524278104305267, 0.013979860581457615, -0.037789590656757355, -0.00656925980001688, -0.025668689981102943, 0.008139343000948429, -0.019549353048205376, 0.005478270351886749, 0.020529985427856445, -0.003336291527375579, -0.010536765679717064, 0.010045960545539856, 0.010152068920433521, 0.0036554038524627686, -0.008771993219852448, 0.03514335677027702, -0.03393424674868584, -0.003372478298842907, 0.006810757331550121, -0.007127325516194105, 0.0018729707226157188, 0.007520271930843592, -0.017997076734900475, -0.021436596289277077, -0.012580225244164467, 0.012543759308755398, 0.030798859894275665, -0.03120492771267891, -0.0018719882937148213, 0.004046060144901276, -0.0009637294569984078, -0.014219538308680058, 0.01101483590900898, 0.027441509068012238, 0.0008031486067920923, -0.04006694629788399, -0.009918006137013435, -0.0045844148844480515, 0.03463344648480415, -0.012941446155309677, -0.01992080733180046, -0.07633348554372787, -0.006107422988861799, -0.019951915368437767, 0.04062539339065552, 0.010183236561715603, 0.029271483421325684, 0.009388431906700134, -0.00596204586327076, -0.024101359769701958, -0.025231556966900826, -0.048181723803281784, 0.029505381360650063, -0.0008907939190976322, 0.04074065014719963, -0.050996437668800354, -0.004414327442646027, -0.017936844378709793, 0.04414695128798485, 0.01894785463809967, 0.024101395159959793, -0.025226719677448273, -0.017182670533657074, -0.016005823388695717, 0.024691741913557053, -0.044021934270858765, -0.024070879444479942, -0.012868056073784828, -0.0064488560892641544, 0.013251448050141335, -0.007178769446909428, -0.0008819734212011099, -0.0041747549548745155, -0.04815709963440895, -0.01785973459482193, -0.06389173120260239, 0.06941039115190506, 0.08436355739831924, -0.016101865097880363, 0.002147637540474534, -0.008643628098070621, -0.04356759041547775, -0.06447657942771912, -0.007576815318316221, -0.013806966133415699, -0.020632902160286903, -0.014164772816002369, -0.01939893700182438, -0.0053453873842954636, 0.022537143900990486, 0.011857430450618267, 0.03888380527496338, -0.016345832496881485, -0.009290707297623158, -0.04462185129523277, 0.04539259895682335, 0.024609889835119247, -0.016417961567640305, -0.01965322718024254, 0.019011396914720535, 0.04217810183763504, -0.026747053489089012, -0.03357881307601929, 0.014413000084459782, 0.0073405844159424305, -0.045969028025865555, -0.00955763179808855, -0.04046356678009033, -0.012356949038803577, 0.0029839950148016214, -0.009830327704548836, -0.00013568873691838235, 0.012921618297696114, 0.037581365555524826, 0.02755647525191307, 0.030410809442400932, -0.0434676930308342, 0.013767716474831104, -0.0048179165460169315, 0.033745527267456055, 0.04434467479586601, -0.004279590677469969, -0.032215628772974014, 0.029270749539136887, -0.05740249156951904, -0.032127805054187775, 0.015874559059739113, 0.015093709342181683, 0.03740638494491577, -0.03393660485744476, 0.03988713026046753, -0.07360127568244934, -0.034047339111566544, -0.051780667155981064, -0.017648402601480484, 0.037951160222291946, -0.06583108007907867, 0.01243443600833416, -0.006757678464055061, 0.031139099970459938, -0.006852618884295225, -0.01988201215863228, -0.009432694874703884, -0.036529820412397385, -0.0023107677698135376, 0.0031537676695734262, 0.06799324601888657, -0.05534570291638374, 0.034310612827539444, 0.001225951942615211, 0.06792434304952621, -0.042011603713035583, 0.06369708478450775, -0.011282245628535748, -0.08505436033010483, -0.004378390032798052, -0.040453776717185974, 0.01561389584094286, 0.030052142217755318, -0.007616844028234482, -0.012673188000917435, -0.025422541424632072, 0.033264826983213425, -0.003034825436770916, 0.08700685203075409, -0.0058581167832016945, 0.02743234857916832, 0.039067815989255905, -0.006579140201210976, 0.006368388421833515, -0.013313880190253258, 0.057878464460372925, -8.884147246135399e-05, 0.03977808728814125, -0.014923270791769028, 0.07046681642532349, 0.029688801616430283, 0.01852574571967125, -0.001997122075408697, 0.018812185153365135, 0.009699094109237194, 0.03005835972726345, -0.02346223033964634, -0.029385291039943695, 0.014469071291387081, 0.014576687477529049, 0.004549904260784388, -0.013065559789538383, -0.0010328645585104823, 0.012545129284262657, -0.003550429828464985, 0.057496633380651474, 0.04547465965151787, -0.024901513010263443, -0.028699342161417007, 0.02910188026726246, -0.018829774111509323, -0.014721010811626911, 0.02148442715406418, -0.02081185393035412, -0.030100837349891663, 0.009535789489746094, 0.007059835828840733, -0.03443141654133797, 0.010574820451438427, 0.02021290920674801, -0.010759725235402584, -0.005885458085685968, -0.053686417639255524, -0.01659872941672802, 0.015669208019971848, 0.013681291602551937, -0.000780547852627933, 0.000619832135271281, 0.03781774267554283, -0.013828056864440441, -0.015550890006124973, -0.10545747727155685, -0.010822768323123455, -0.0063749621622264385, -0.017851997166872025, -0.004320900421589613, 0.04227100685238838, -0.023228313773870468, 0.02725064940750599, 0.014378156512975693, 0.05139768123626709, 0.0343010313808918, 0.01769416034221649, -0.013176356442272663, 0.02424483746290207, -0.021236317232251167, 0.014033039100468159, 0.05036410689353943, 0.006156333722174168, -0.0013479964109137654, 0.012030710466206074]",,
15_1_0_errors_deprecated_analyticsid_mdx_section_2,section,15_1_0_errors_deprecated_analyticsid_mdx,config.analytics is deprecated - Possible Ways to Fix It,,{},15.1.0,"To remove this warning, you must remove `` from your `` file.
To keep tracking your Core Web Vitals, you could:
use `` hook as explained [/docs/app/api-reference/functions/use-report-web-vitals](/docs/app/api-reference/functions/use-report-web-vitals) and send the metrics to any backend of your choice.
[https://vercel.com/docs/speed-insights/quickstart](https://vercel.com/docs/speed-insights/quickstart) `` package into your application
",,"[(np.int64(5), np.float64(0.033350203186273575)), (np.int64(7), np.float64(0.11442460119724274)), (np.int64(8), np.float64(0.1566433310508728)), (np.int64(83), np.float64(0.0751308798789978)), (np.int64(297), np.float64(0.02258995547890663)), (np.int64(1650), np.float64(0.037239715456962585)), (np.int64(2661), np.float64(0.05272625759243965)), (np.int64(4460), np.float64(0.15895943343639374)), (np.int64(4692), np.float64(0.19526365399360657)), (np.int64(42261), np.float64(0.07570941001176834)), (np.int64(96746), np.float64(0.1641755849123001)), (np.int64(115861), np.float64(0.10713717341423035)), (np.int64(140815), np.float64(0.31741806864738464)), (np.int64(153837), np.float64(0.29794979095458984))]","[-0.04966994374990463, 0.010870231315493584, -0.031087601557374, 0.019573809579014778, -0.04568597301840782, -0.05663781985640526, 0.02808658964931965, 0.058798063546419144, -0.04150836542248726, -0.009880595840513706, -0.007001359481364489, -2.320335988770239e-05, 0.029599949717521667, -0.004634636454284191, 0.007840972393751144, -0.04642452299594879, 0.02498893067240715, 0.016247376799583435, -0.02345040999352932, 0.00670660799369216, 0.015334521420300007, -0.020733697339892387, 0.01817990280687809, 0.014068268239498138, -0.0058004786260426044, 0.020261250436306, -0.052823279052972794, -0.041120659559965134, 0.028617342934012413, 0.05041223391890526, 0.0010241674026474357, -0.04555010050535202, -0.0017332498682662845, -0.011426029726862907, -0.02323666214942932, 0.022518835961818695, -0.024159329012036324, 0.009424697607755661, -0.029058417305350304, 0.029439333826303482, -0.013128393329679966, -0.03056996315717697, 0.011934254318475723, -0.04841470345854759, 0.05578940361738205, -0.0267616156488657, -0.012430718168616295, -0.020660175010561943, 0.010929577983915806, -0.03469469025731087, -0.0221878569573164, -0.014623995870351791, -0.005496385041624308, -0.05955394729971886, 0.06653381884098053, 0.009333470836281776, 0.0058496976271271706, -0.01680242083966732, 0.007189211435616016, 0.0041713104583323, -0.04258551448583603, -0.06567466259002686, -0.005862076301127672, 0.005792764015495777, -0.007963357493281364, 0.07009385526180267, 0.012238159775733948, 0.00782314408570528, -0.025469910353422165, -0.02958022803068161, 0.016640983521938324, -0.023652559146285057, -0.015290414914488792, -0.0026493885088711977, -0.05674228444695473, 0.0360935814678669, -0.0009695495828054845, -0.023998862132430077, 0.05494750663638115, -0.010677773505449295, 0.030207134783267975, -0.00143126817420125, 0.0029889848083257675, 0.007898538373410702, 0.033455990254879, 0.012434407137334347, -0.040218550711870193, 0.033750683069229126, 0.01693817600607872, 0.03539169207215309, -0.033661749213933945, -0.024037329480051994, 0.04882293567061424, 0.004323521163314581, -0.028477143496274948, 0.0020847178529947996, 0.005177670158445835, -0.0022786420304328203, 0.05366598814725876, 0.013203330338001251, 0.006566965952515602, -0.012412547133862972, 0.01418033242225647, -0.02343790978193283, 0.03915324807167053, -0.00828801654279232, 0.010662768967449665, -0.017646636813879013, 0.01601327769458294, -0.024942146614193916, -0.005124413874000311, -0.02384527400135994, 0.047387197613716125, 0.004923906642943621, 0.019818216562271118, -0.00963620189577341, -0.011373902671039104, -0.022888101637363434, 0.04054313898086548, 0.0022423050832003355, 0.06229770556092262, 0.03716615214943886, 0.016100004315376282, -0.026484260335564613, 0.031025541946291924, 0.027609551325440407, -0.005247558932751417, 0.004873970523476601, 0.03335702791810036, 0.013674073852598667, 0.029775017872452736, 0.00615023635327816, 0.017137520015239716, -0.03162968158721924, -0.0494004525244236, 0.03359876573085785, -0.017328066751360893, -0.005243793595582247, -0.0063563124276697636, -0.04751395061612129, 0.03703482076525688, 0.06423725932836533, -0.018945639953017235, -0.0072465683333575726, 0.01698254980146885, -0.027911275625228882, 0.06494282186031342, 0.0311226025223732, 0.01957576349377632, -0.014156190678477287, -0.007030402310192585, -0.013383066281676292, -0.02288838103413582, 0.0268014594912529, 0.017815088853240013, -0.02618776634335518, -0.0032019447535276413, -0.007331162225455046, -0.024399172514677048, 0.010404301807284355, -0.03026651218533516, -0.014388613402843475, -0.039979297667741776, 0.026694314554333687, 0.019556768238544464, 0.03118351846933365, -0.016822928562760353, 0.0007384033524431288, 0.003153410740196705, -0.018886122852563858, 0.012637917883694172, -0.042155083268880844, 0.034461867064237595, 0.0012683456297963858, 0.03867092356085777, 0.04006552696228027, 0.06255757808685303, 0.022995639592409134, -0.01971270889043808, -0.006343647837638855, -0.038819290697574615, 0.03198549523949623, -0.02670113369822502, -0.006930820643901825, -0.05297500267624855, 0.031140858307480812, 0.023887844756245613, -0.030297771096229553, -0.01324690692126751, 0.06688198447227478, 0.004087965935468674, 0.026705928146839142, 0.029742229729890823, 0.02425895817577839, -0.01538135390728712, -0.03511856868863106, -0.022476347163319588, -0.017585672438144684, 0.016151882708072662, -0.031736064702272415, 0.0007143382099457085, 0.0166755523532629, 0.050149183720350266, -0.010318812914192677, -0.038947850465774536, -0.01394208800047636, 0.029897179454565048, -0.04284823313355446, 0.043525271117687225, -0.03439150005578995, -0.013725969940423965, -0.01671631634235382, -0.034873563796281815, 0.05542388930916786, -0.06561531126499176, -0.02764703892171383, 0.0010466319508850574, -0.02245815470814705, -0.019618067890405655, -0.06668245792388916, -0.008329463191330433, -0.00042704882798716426, -0.010519799776375294, -0.00584370456635952, -0.0025459667667746544, 0.025760602205991745, -0.0194560494273901, 0.01731392927467823, 0.03179696574807167, -0.02076006680727005, -0.020072614774107933, 0.0031253956258296967, 0.06129220873117447, -0.01831616461277008, 0.07235059887170792, -0.0599224828183651, -0.01151016354560852, 0.009637090377509594, -0.02296353690326214, 0.024387147277593613, 0.015591918490827084, -0.041609153151512146, 0.02491293102502823, -0.023738281801342964, -0.035034071654081345, 0.006318697240203619, 0.028523467481136322, 0.02955915778875351, -0.011394163593649864, 0.0007880902849137783, 0.007713600527495146, -0.009605562314391136, -0.003078040201216936, -0.017737027257680893, -0.00048267454258166254, -0.021813146770000458, -0.004134722054004669, 0.00490915309637785, -0.021633045747876167, -0.01149421464651823, 0.04019387811422348, 0.008544552139937878, -0.004665181506425142, 0.023076670244336128, -0.014670582488179207, -0.016026565805077553, -0.01862703263759613, -0.02419467270374298, -0.001028197817504406, -0.006238992791622877, -0.048294633626937866, 0.011688455007970333, 0.041191309690475464, -0.00027927852352149785, -0.01630847342312336, 0.001700549852102995, -0.04473639652132988, 0.017939403653144836, 0.06784956902265549, 0.037597108632326126, -0.05198472738265991, 0.07850033044815063, 0.034586600959300995, -0.004167293198406696, 0.010323887690901756, -0.004749892745167017, -0.04272567853331566, -0.04119575396180153, 0.011688251979649067, -0.023238401859998703, -0.03205401450395584, 0.0055083720944821835, 0.05446465313434601, -0.010728812776505947, 0.011120645329356194, 0.018885424360632896, 0.0010807565413415432, -0.165869802236557, -0.03642823547124863, -0.006927499547600746, 0.0395343080163002, 0.018108738586306572, 0.03842474892735481, -0.0008501423872075975, -0.015145078301429749, -0.01188086997717619, 0.021505095064640045, -0.02015412598848343, -0.044205762445926666, 0.004651243332773447, -0.006587320938706398, 0.024844583123922348, 0.0047502294182777405, -0.0004926141118630767, -0.01958056353032589, -0.015353761613368988, -0.051968712359666824, -0.023379359394311905, -0.032789044082164764, 0.010013721883296967, -0.016495415940880775, -0.000959007884375751, -0.04957408085465431, 0.07154789566993713, -0.0239807590842247, -0.008167176507413387, 0.023138999938964844, -0.07867823541164398, -0.014110126532614231, -0.007724671624600887, 0.03052026405930519, -0.0005279568722471595, 0.036842625588178635, -0.009871882386505604, -0.003820710815489292, -0.0025490426924079657, -0.03960074856877327, 0.02730228751897812, 0.0216958187520504, -0.00041054084431380033, 0.0037041627801954746, 0.04282550513744354, -0.019239842891693115, -0.002233533188700676, -0.015359227545559406, -0.03113684244453907, -0.005178877618163824, 0.022747142240405083, -0.006929492112249136, 0.008363889530301094, -0.0053881872445344925, -0.029741164296865463, 0.021351942792534828, 0.012312001548707485, 0.04453990235924721, -0.03959200158715248, -0.01835702359676361, -0.018594875931739807, -0.013176914304494858, 0.042300134897232056, -0.013567708432674408, -0.04408559575676918, 0.010941868647933006, 0.02686142921447754, 0.029401039704680443, 0.020527582615613937, -0.005106029566377401, 0.01756483130156994, 0.0016461899504065514, 0.011775492690503597, -0.0019038728205487132, -0.03542425483465195, -0.01129500474780798, 0.004119835793972015, -0.025572165846824646, -0.029912762343883514, -0.12574714422225952, -0.018109053373336792, 0.005510788876563311, -0.0074096135795116425, -0.015244482085108757, -0.039502501487731934, 0.0030470089986920357, 0.017348995432257652, 0.009560891427099705, 0.014106182381510735, 0.24213171005249023, 0.021636372432112694, -0.05885279178619385, 0.055269695818424225, 0.050972141325473785, -0.012523114681243896, 0.030171239748597145, 0.06116111949086189, 0.01445781346410513, -0.027252590283751488, 0.00047254833043552935, -0.04437996447086334, 0.009681732393801212, -0.02794819138944149, -0.007184116635471582, 0.022392701357603073, -0.021142618730664253, 0.04028403013944626, 0.08052768558263779, 0.00013903260696679354, 0.0042178453877568245, -0.005678283050656319, 0.03137683868408203, 0.011050023138523102, -0.09417052567005157, -0.02736160159111023, -0.018858209252357483, 0.003953380975872278, -0.008840398862957954, 0.06624919176101685, -0.00850805826485157, 0.018713345751166344, 0.047303613275289536, -0.02717520482838154, -0.011391275562345982, 0.04122300446033478, 0.019026611000299454, -0.023019298911094666, -0.04684341326355934, 0.039435725659132004, 0.026852354407310486, -0.016086718067526817, 0.01890547387301922, 0.0009736033389344811, -0.03268393501639366, -0.04794670268893242, -0.006989872548729181, -0.025867730379104614, -0.004998755641281605, -0.039398062974214554, -0.033233918249607086, 0.0009440113790333271, -0.003590947948396206, 0.007310614455491304, 0.02602638117969036, 0.020130859687924385, -0.01703476719558239, -0.018225200474262238, -0.043223630636930466, 0.07818674296140671, 0.045879703015089035, -0.0015073056565597653, -0.05503977835178375, 0.07155326008796692, -0.023619089275598526, 0.022769181057810783, -0.003239542245864868, -0.021435461938381195, 0.02018241584300995, 0.04383892938494682, 0.005825964268296957, 0.017536981031298637, 0.02665325440466404, -0.0032566513400524855, 0.026205681264400482, -0.02007511630654335, 0.004380561411380768, 0.03971519693732262, -0.08038690686225891, 0.027462080121040344, -0.03259320557117462, 0.00442719180136919, -0.020996520295739174, 0.04966573044657707, 0.0003085627977270633, 0.015666602179408073, 0.020928243175148964, 0.09745603054761887, -0.02194378338754177, -0.007685555145144463, -0.032496314495801926, 0.004818143788725138, -0.02603844739496708, 0.0255034938454628, -0.0015247055562213063, 0.04187415540218353, -0.00041965473792515695, -0.023159455507993698, -0.009656683541834354, 0.04000876843929291, -0.0009863328887149692, 0.017152495682239532, 0.017224851995706558, -0.005556937772780657, 0.01619131863117218, -0.00017765106167644262, -0.024523617699742317, -0.01659824326634407, 0.02136111818253994, -0.0034379696007817984, -0.060592204332351685, 0.01524418592453003, -0.0023684101179242134, 0.009213927201926708, 0.0030938507989048958, 0.04607032984495163, 0.023158354684710503, 0.03225764259696007, 0.02293587289750576, -0.006900771986693144, -0.010521935299038887, -0.006340846419334412, -0.024021243676543236, 0.028670011088252068, 0.007124543190002441, -0.031124548986554146, -0.010848330333828926, 0.018900321796536446, 0.0009759319364093244, 0.04616321995854378, 0.03137006610631943, 0.008107760921120644, -0.014414962381124496, 0.028089448809623718, -0.005503792315721512, 0.02563600428402424, 0.02096528187394142, 0.03940418362617493, -0.0026160962879657745, 0.04173153266310692, -0.023277245461940765, 0.01315381471067667, -0.03019649349153042, 0.00739025603979826, 0.02217807248234749, -0.014864242635667324, -0.007979669608175755, -0.02389693632721901, -0.009354316629469395, 0.004919826984405518, 0.025251848623156548, 0.010500606149435043, 0.03045051358640194, -0.019326623529195786, 0.018574601039290428, -0.05439390987157822, -0.02613920159637928, 0.019927555695176125, -0.0026851200964301825, -0.027309538796544075, -0.0019054949516430497, -0.022534508258104324, -0.01535353995859623, 0.032927725464105606, -0.01429864950478077, 0.02263893000781536, 0.00030827755108475685, -0.007413872517645359, 0.009486651048064232, 0.018242480233311653, -0.017905937507748604, -0.023049956187605858, -0.06127538904547691, -0.0052503785118460655, -0.026270698755979538, 0.008559525944292545, -0.07484466582536697, 0.01704704388976097, 0.017879417166113853, 0.017102211713790894, 0.020820558071136475, 0.035743359476327896, -0.06241524964570999, -0.01630088873207569, 0.014223886653780937, -0.015640808269381523, 0.029653068631887436, -0.011251566931605339, 0.04856807366013527, -0.04049692302942276, -0.0014303072821348906, 0.10619742423295975, 0.04927994683384895, -0.013344746083021164, 0.027342043817043304, 0.027673739939928055, 0.05692163109779358, 0.04265311732888222, -0.0036400111857801676, 0.013729175552725792, -0.002844906644895673, 0.019432252272963524, -0.004604118410497904, -0.0018579951720312238, 0.012034323066473007, -0.02247578650712967, -0.051649756729602814, 0.04080792888998985, 0.009736146777868271, 0.026361465454101562, 0.0028549430426210165, 0.024499252438545227, -0.06164691969752312, 0.008947581984102726, 0.016621846705675125, 0.005837602075189352, 0.04049127176403999, 0.05784595385193825, 0.029596297070384026, 0.030730290338397026, -0.010767944157123566, -0.006220037583261728, 0.05251193419098854, -0.046137403696775436, -0.043974556028842926, -0.0005293904105201364, -0.002722205361351371, -0.03318154439330101, 0.008257046341896057, 0.0204569473862648, -0.005154596175998449, -0.01379782147705555, 0.028346462175250053, -0.0071107191033661366, -0.019554434344172478, -0.06335920095443726, -0.0011758186155930161, 0.030689960345625877, 8.074455399764702e-05, -0.02144148200750351, -0.02320708893239498, 0.007469897624105215, 0.008110533468425274, 0.05643459036946297, -0.015262559987604618, -0.0016795274568721652, -0.006757231429219246, -0.04089554399251938, -0.028161317110061646, 0.031181035563349724, -0.038139406591653824, 0.006267888005822897, 0.019363773986697197, -0.015055566094815731, 0.00511646643280983, 0.06671010702848434, 0.007390712853521109, -0.010130777023732662, -0.01799866184592247, 0.008998682722449303, 0.025449542328715324, 0.020771699026226997, 0.0025865279603749514, -0.016107896342873573, -0.031393904238939285, -0.04454266279935837, 0.03149951249361038, -0.0039045854937285185, -0.01743343472480774, -0.03417043387889862, 0.001719241263344884, -0.02272764779627323, 0.001011321903206408, -0.04203727841377258, 0.03270692750811577, 0.004294189158827066, -0.0321902260184288, 0.05380217730998993, -0.015889063477516174, -0.08547202497720718, 0.008830687031149864, 0.02210947871208191, -0.02215818502008915, 0.05594974383711815, 0.02558993734419346, 0.08439121395349503, 0.029600366950035095, -0.017817266285419464, 0.01527006458491087, -0.023220283910632133, 0.012586311437189579, -0.008914441801607609, -0.05821191519498825, 0.013512477278709412, -0.003549446351826191, 0.005960728973150253, -0.04161860793828964, 0.034701645374298096, -0.01056243758648634, 0.019818635657429695, 0.03423289954662323, 0.0040535759180784225, -0.018242182210087776, 0.008219794370234013, -0.0009592470596544445, 0.0360514372587204, -0.040429890155792236, 0.020937569439411163, 0.011308085173368454, 0.024965593591332436, 0.011821165680885315, -0.08205224573612213, 0.02840050309896469, 0.004044460132718086, 0.02576969750225544, -0.023438770323991776, 0.053541187196969986, 0.0027924817986786366, 0.006694931536912918, -0.012769234366714954, 0.036463867872953415, -0.03497513383626938, -0.008882804773747921, -0.021710529923439026, -0.01274480577558279, 0.007542576640844345, -0.03365732356905937, -0.03579682111740112, -0.02185925655066967, 0.01058189570903778, -0.04538728669285774, -0.04908626154065132, -0.007903541438281536, -0.0324736014008522, 0.029026715084910393, 0.0018579041352495551, -0.0029533100314438343, -0.045568857342004776, -5.9939575294265524e-05, -0.0247199609875679, 0.010276319459080696, 0.039254091680049896, 0.08960143476724625, -0.011899501085281372, 0.00023638835409656167, -0.03207235783338547, 0.018023502081632614, -0.027829131111502647, -0.00819286797195673, 0.029831845313310623, 0.009452283382415771, 0.0024579938035458326, -0.025187242776155472, -0.04098637029528618, 0.0070489272475242615, 0.0023252039682120085, 0.024268418550491333, 0.0008400764781981707, 0.015087374486029148, 0.024882297962903976, -0.0017775538144633174, 0.053230416029691696, -0.006962391547858715, -0.006563070695847273, -0.0016613866901025176, -0.00016278150724247098, 0.009669777937233448, -0.01222752034664154, -0.012296544387936592, -0.0008653716649860144, -0.003908055834472179, 0.0277092345058918, -0.020367402583360672, 0.018745187669992447, 0.015072490088641644, 0.06274920701980591, -0.0006553152343258262, 0.0028636681381613016, 0.012061242014169693, 0.027682077139616013, -0.032667048275470734, -0.05287816375494003, -0.02682172693312168, -0.034992728382349014, -0.002151807304471731, -0.01753861829638481, -0.016398675739765167, -0.007740794215351343, -0.021582147106528282, 0.020855935290455818, 0.03454771265387535, -0.023766567930579185, -0.04460198059678078, 0.030232325196266174, -0.14925262331962585, -0.0037084631621837616, -0.029393775388598442, -0.0023386834654957056, 0.019943004474043846, 0.0010199412936344743, 0.016360849142074585, -0.07229441404342651, 0.009821956977248192, -0.0031786137260496616, -0.025752056390047073, -0.001241143443621695, 0.008023185655474663, 0.0012869425117969513, -0.0008762388024479151, 0.0004203509888611734, 0.03602235019207001, 0.002963007427752018, 0.0038108602166175842, -0.008662081323564053, 0.003496773075312376, 0.020048312842845917, 0.005724054295569658, 0.022999901324510574, -0.014374774880707264, 0.024092361330986023, -0.014648267067968845, -0.00016306656470987946, 0.001202396466396749, 0.017383070662617683, -0.015231304802000523, -0.0031773096416145563, 0.02036847546696663, 0.044648438692092896, -0.03857420012354851, -0.02313906140625477, 0.0019370237132534385, -0.010422253049910069, -0.02721819095313549, -0.01762879639863968, -0.0009097085567191243, 0.03649876266717911, -0.05862177908420563, 0.009436314925551414, -0.004738418851047754, 0.06163126230239868, -0.02648402564227581, -0.0337865836918354, -0.04440468177199364, -0.027075495570898056, -0.03030898980796337, 0.018684571608901024, -0.02642936445772648, 0.0028670590836554766, 0.008876637555658817, -0.000620553211774677, -0.0048455833457410336, 0.0022267766762524843, -0.04844292253255844, -0.02687186934053898, -0.02982017956674099, -0.0018202814972028136, -0.058941587805747986, -0.04082145541906357, -0.008126582019031048, 0.006083421874791384, -0.06423307955265045, 0.0721689835190773, -0.019978612661361694, -0.021139081567525864, -0.030494432896375656, 0.024423770606517792, 0.019381212070584297, 0.025037338957190514, -0.005443270783871412, -0.02407732978463173, 0.031704727560281754, -0.05968969687819481, 0.03082568757236004, -0.02288353443145752, -0.0701756402850151, -0.03908921033143997, -0.03375915065407753, 0.024330629035830498, 0.055147815495729446, -0.019408568739891052, -0.0026894190814346075, 0.02588936686515808, -0.0007336736307479441, -0.03699711710214615, -0.07862812280654907, -0.0036151185631752014, -0.03078625723719597, 0.016918307170271873, -0.02299741841852665, -0.01024484820663929, -0.010934421792626381, -0.01675005815923214, 0.010193174704909325, -0.023625753819942474, -0.02230561524629593, -0.039179738610982895, 0.025208555161952972, -0.009400647133588791, -0.04095940291881561, -0.04538630694150925, 0.03258758410811424, 0.011819652281701565, -0.00376958423294127, -0.00278134155087173, -0.04716350510716438, 0.002765549113973975, -0.0007708201301284134, 0.001994401216506958, -0.059500791132450104, -0.018423736095428467, 0.006105218548327684, -0.01906774751842022, -0.028757309541106224, -0.018711894750595093, 0.011727734468877316, 0.0034773496445268393, 0.015732018277049065, -0.02814471907913685, 0.016538968309760094, -0.02274702489376068, -0.0043159662745893, 0.03800143301486969, -0.007970024831593037, -0.027860093861818314, 0.01898219622671604, -0.027582405135035515, -0.01873728074133396, 0.032467469573020935, 0.008689258247613907, 0.017963798716664314, -0.008738159202039242, 0.0266889538615942, -0.08673876523971558, -0.04537823423743248, 0.005989536177366972, -0.0017495440552011132, 0.03626484051346779, -0.06109776347875595, 0.014889121986925602, -0.006865176372230053, 0.03152395784854889, -0.0028029195964336395, 0.00785905309021473, 0.0020496766082942486, 0.008307799696922302, 0.0055791898630559444, -0.01838441751897335, 0.03601789474487305, -0.05742521584033966, 0.007801688276231289, -0.03807219862937927, 0.10188739746809006, -0.03196458891034126, 0.035296306014060974, 0.01936650089919567, -0.09657131135463715, 0.013988056220114231, -0.0013466126983985305, -0.006143894977867603, 0.05096079036593437, -0.020114263519644737, -0.01928471215069294, -0.009358419105410576, -0.024089736863970757, -0.040657512843608856, 0.018024833872914314, -0.025383958593010902, 0.06236693635582924, 0.02846546284854412, -0.013621628284454346, 0.003970859106630087, -0.012106778100132942, -0.025476587936282158, 0.007506727706640959, 0.018507326021790504, 0.013044224120676517, 0.004049235954880714, 0.02166862227022648, -0.012484105303883553, 0.04843316972255707, -7.395105058094487e-05, 0.031429652124643326, 0.008692067116498947, -0.018147435039281845, -0.00444735586643219, 0.010450626723468304, -0.022096002474427223, -0.01044519804418087, 0.0007593930931761861, -0.012463724240660667, 0.025464074686169624, -0.017151298001408577, 0.05071089789271355, 0.0499698705971241, 0.010613751597702503, -0.011570899747312069, 0.02302214875817299, -0.013086953200399876, -0.04979812726378441, 0.026419341564178467, -0.019238866865634918, 0.010785859078168869, 0.00486148614436388, 0.047387491911649704, -0.01677965372800827, 0.00147266685962677, 0.02312329225242138, -0.017362410202622414, -0.011540492996573448, -0.030391601845622063, -0.004572122357785702, 0.0007334063411690295, 0.020247824490070343, -0.05641999840736389, 0.031533800065517426, 0.026622572913765907, -0.0010044722585007548, -0.022333364933729172, -0.0771733820438385, -0.019777337089180946, -0.0004442536737769842, -0.02697230502963066, -0.007876232266426086, -0.017255904152989388, 0.0024968329817056656, 0.04259868711233139, -0.017664941027760506, 0.02187640778720379, 0.013386404141783714, 0.005186381284147501, 0.01765335723757744, 0.03348082676529884, -0.013723599724471569, 0.020951900631189346, -0.00989976804703474, 0.022039219737052917, -0.006462796125560999, 0.01226948481053114]",,
15_1_0_errors_deprecated_target_config_mdx,document,,Deprecated target config,,{'related_links': []},15.1.0,"## Why This Error Occurred

Starting in Next.js 13, the `target` property in `next.config.js` has been removed.

## Possible Ways to Fix It

For serverless targets, please use the Output File Tracing or deploy your application somewhere where it can be leveraged automatically, like [Vercel](https://vercel.com).

## Useful Links

- [Output File Tracing Documentation](/docs/pages/api-reference/config/next-config-js/output)",,"[(np.int64(262), np.float64(0.11740265786647797)), (np.int64(297), np.float64(0.05915120616555214)), (np.int64(4460), np.float64(0.1609174758195877)), (np.int64(4692), np.float64(0.1636320948600769)), (np.int64(30388), np.float64(0.3188774585723877)), (np.int64(153837), np.float64(0.2685037851333618))]","[-0.035844601690769196, 0.022918956354260445, -0.040615327656269073, 0.010513033717870712, -0.04653431847691536, -0.027493299916386604, 0.015598800033330917, 0.005026846658438444, -0.015046554617583752, 0.004383532330393791, 0.021852195262908936, -0.02646661549806595, 0.006738240364938974, -0.0021054260432720184, -0.01413761917501688, -0.008155034855008125, 0.03190110996365547, 0.035144221037626266, -0.0012042045127600431, -0.009965531527996063, 0.0016471979906782508, 0.003379484871402383, 0.017348267138004303, 0.018218182027339935, -0.010708448477089405, -0.008795930072665215, -0.0004336395941209048, -0.01587234064936638, 0.008511862717568874, 0.0562436617910862, 0.012587971985340118, -0.040466178208589554, -0.013799738138914108, -0.00899646244943142, -0.036189716309309006, -0.019910255447030067, 0.003669267287477851, -0.010880769230425358, -0.0441468246281147, 0.03661908954381943, -0.0001748560753185302, 0.01948755979537964, -0.004740923643112183, -0.03732461482286453, 0.036526188254356384, -0.00371328042820096, 0.008882501162588596, 0.0015095302369445562, -0.010647987946867943, 0.002434119349345565, -0.019546695053577423, -0.004080235492438078, 0.04631733149290085, -0.04764563590288162, 0.03961258381605148, 0.004725554026663303, 0.003263071645051241, -0.03398258239030838, 0.023314660415053368, 0.022431576624512672, -0.03133027255535126, -0.030318330973386765, -0.0196914691478014, -0.00545769277960062, 0.0006699553923681378, 0.04774212837219238, -0.005339233670383692, -0.006510893814265728, -0.02477339655160904, -0.03597773239016533, -0.010701730847358704, 0.007901452481746674, -0.04522783309221268, -0.03163180127739906, -0.031074441969394684, 0.027612220495939255, 0.007996815256774426, -0.023106232285499573, 0.03755426034331322, -0.029173431918025017, 0.037000466138124466, -0.04616197943687439, 0.0047023664228618145, -0.03402087837457657, 0.03087044693529606, 0.027944238856434822, -0.04104265943169594, 0.044777680188417435, 0.05017490312457085, 0.013426823541522026, 0.018255040049552917, -0.02667376957833767, 0.020117025822401047, -0.01672503352165222, 0.00581225473433733, 0.006183307617902756, -0.04033668339252472, -0.00835892278701067, 0.07090067118406296, -0.01125990692526102, -0.010519614443182945, -0.033499788492918015, 0.003290418302640319, -0.010757812298834324, 0.024254601448774338, 0.04026583209633827, 0.06496946513652802, 0.00969592947512865, 0.03231946378946304, -0.026647314429283142, -0.001124117523431778, -0.0051520345732569695, -0.004836956970393658, 0.004847059957683086, 0.0010692813666537404, -0.04661472141742706, -0.00011793061275966465, -0.019927997142076492, 0.034656036645174026, -0.007774857804179192, 0.03385620191693306, -0.005166169255971909, 0.02526981569826603, -0.04406740516424179, 0.025279242545366287, -0.0033184310887008905, -0.039702605456113815, 0.046623341739177704, -0.04403721168637276, 0.02434317208826542, 0.005885456223040819, 0.010422365739941597, 0.005148232448846102, -0.0018289771396666765, -0.026104535907506943, 0.03132275119423866, -0.024067347869277, 0.006605123169720173, 0.021734897047281265, -0.07061773538589478, 0.030840784311294556, 0.02523987367749214, 0.04291074723005295, -0.036919284611940384, 0.037266217172145844, 0.005825634580105543, 0.0860825628042221, 0.03322180360555649, 0.017653150483965874, -0.045449867844581604, -0.02076237089931965, -0.015415703877806664, 0.024203894659876823, -0.021474607288837433, -0.0017981588607653975, -0.009386217221617699, -0.020001307129859924, -0.021861398592591286, 0.03759494423866272, 0.0016845172503963113, -0.055570002645254135, 0.03953912481665611, -0.02532697468996048, 0.015474550426006317, 0.043127767741680145, 0.012567966245114803, -0.020605217665433884, 0.014356478117406368, -0.04158051311969757, -0.037166111171245575, 0.013319548219442368, -0.015361536294221878, 0.0047844769433140755, -0.03231130167841911, 0.007630708161741495, 0.044080231338739395, 0.05977601557970047, 0.011785818263888359, 0.006969296373426914, 0.012276826426386833, -0.0293812807649374, 0.018717702478170395, 0.0204364825040102, -0.039776306599378586, -0.03245825320482254, -0.01156014483422041, 0.0368306003510952, -0.0016146930865943432, -0.02776513434946537, 0.01594756357371807, -0.05972430109977722, 0.023031853139400482, 0.04030174762010574, 0.00525881489738822, 0.012049294076859951, -0.018271056935191154, 0.015813250094652176, -0.03439280390739441, 0.014378653839230537, -0.020547762513160706, -0.03946135565638542, 0.03446817025542259, 0.022887254133820534, -0.017128700390458107, -0.013998549431562424, -0.004273870028555393, -0.011928384192287922, -0.03374103829264641, 0.028092605993151665, -0.0297889094799757, -0.02878929302096367, -0.01976623386144638, -0.005964510142803192, -0.0037257494404911995, -0.06198935583233833, 0.026928259059786797, 0.021090921014547348, 0.004638953600078821, -0.004727878607809544, -0.025578448548913002, -0.023411249741911888, -0.0038021537475287914, -0.00888071209192276, -0.02052009291946888, 0.002772004809230566, 0.011949711479246616, 0.0730728805065155, -0.0001926549302879721, 0.0005696954322047532, -0.026752354577183723, -0.01910375989973545, -0.01759285479784012, 0.03845707327127457, -0.014251235872507095, 0.0956658273935318, -0.04497751221060753, -0.03428531065583229, -0.029822280630469322, 0.006525008007884026, -0.007940486073493958, 0.01875823549926281, -0.038963958621025085, -0.00840745773166418, 0.010950692929327488, -0.02229311503469944, -0.037750501185655594, 0.038060177117586136, 0.015265215188264847, -0.007908516563475132, -0.0015327862929552794, 0.02428729087114334, 0.015565180219709873, 0.008463112637400627, -0.026420434936881065, 0.0076500289142131805, 0.01138931792229414, -0.015396058559417725, -0.015845485031604767, 0.008449392393231392, -0.03962472826242447, 0.027478914707899094, 0.017374038696289062, -0.004758272785693407, 0.006503392476588488, -0.012645561248064041, 0.010148338042199612, 0.01034312229603529, -0.001881672302260995, -0.0440179780125618, -0.015816086903214455, -0.08174305409193039, 0.021584302186965942, 0.01299559697508812, 0.030654286965727806, -0.006546645425260067, 0.0012357570230960846, -0.003170890500769019, -0.026755770668387413, 0.04736298695206642, 0.040124278515577316, -0.050397101789712906, 0.058734141290187836, 0.042842328548431396, 0.04491981491446495, 0.05831829458475113, 0.006066871806979179, -0.0334051251411438, -0.018402012065052986, -0.0011095722438767552, 0.027276501059532166, 0.017204776406288147, 0.05015440285205841, 0.03901779651641846, -0.012059930711984634, -0.005823106504976749, -0.01629576086997986, 0.0282340906560421, -0.13678355515003204, 0.07039579749107361, 0.03712739795446396, -0.012361511588096619, 0.0011905878782272339, 0.030417662113904953, -0.014948803931474686, -0.0005413630278781056, -0.011291577480733395, 0.045697372406721115, -0.0419367253780365, -0.0321170911192894, 0.0033316423650830984, -0.040433917194604874, -0.04894204065203667, 0.021275503560900688, -0.0008002441609278321, 0.012726854532957077, 0.03352588415145874, -0.052931047976017, 0.011509652249515057, -0.030058393254876137, 0.014715705998241901, -0.030496718361973763, -0.004111009184271097, -0.04028443619608879, 0.05804000422358513, -0.03494061902165413, -0.021832779049873352, 0.02820640057325363, -0.04757062345743179, 0.007088426500558853, -0.005378329195082188, 0.007767700590193272, 0.020609084516763687, 0.006166934501379728, 0.05326027050614357, -0.03181791678071022, -0.011365347541868687, -0.03668808564543724, 0.0194271057844162, 0.036768265068531036, -0.05165452882647514, 0.008259732276201248, 0.056458380073308945, -0.016255810856819153, 0.015661364421248436, -0.008268838748335838, -0.020267575979232788, -0.004124731291085482, 0.0491570346057415, 0.020356683060526848, -0.026233691722154617, -0.04074015095829964, 0.009873547591269016, 0.01886245608329773, -0.005698705092072487, 0.012361857108771801, -0.07130712270736694, -0.02626926824450493, -0.030719200149178505, -0.003354017622768879, 0.043157950043678284, 0.005652124062180519, -0.051548779010772705, 0.010934167541563511, 0.0278529804199934, -0.022074678912758827, 0.036561302840709686, -0.024470895528793335, 0.035173580050468445, -0.008591165766119957, 0.03568296507000923, 0.006003963761031628, -0.03197824954986572, 0.020768018439412117, -0.005984908901154995, -0.034972816705703735, 0.0063061886467039585, -0.09662679582834244, 0.02703685313463211, 0.009565437212586403, 0.014788387343287468, 0.0333564467728138, -0.052403297275304794, -0.03508496657013893, 0.03512200340628624, -0.02844710648059845, 0.047317732125520706, 0.21873004734516144, 0.04650118201971054, -0.046087391674518585, 0.05710414797067642, 0.01480093039572239, -0.03987309709191322, -0.011598492041230202, 0.04790814220905304, 0.018988393247127533, -0.04002387076616287, -0.014964648522436619, 0.00011683850607369095, -0.009473256766796112, -0.007524407468736172, -0.018364936113357544, 0.04471712186932564, -0.040238164365291595, 0.059128038585186005, 0.03139062225818634, -0.044785115867853165, 0.0018484829925000668, -0.0026327697560191154, 0.03536462038755417, 0.022325865924358368, -0.0832262709736824, -0.039873357862234116, -0.04673977196216583, -0.03772741183638573, -0.01375169400125742, 0.04011191055178642, -0.06514943391084671, 0.0321701355278492, 0.04633522778749466, -0.049743641167879105, -0.02725106105208397, -0.01946123130619526, 0.013574066571891308, -0.018107807263731956, 0.014682218432426453, 0.010658965446054935, 0.0068506235256791115, -0.008178504183888435, -0.03593604266643524, 0.04120278358459473, -0.03631371632218361, -0.039020393043756485, -0.024691136553883553, -0.02206391654908657, -0.011303245089948177, -0.03150634095072746, -0.04131940007209778, -0.05490937829017639, -0.012718303129076958, 0.010640167631208897, -0.03498772904276848, -0.021239448338747025, 0.03564171493053436, -0.005142613779753447, -0.015775881707668304, 0.007147884462028742, 0.010157178156077862, 0.010585157200694084, -0.04368380457162857, 0.03448600694537163, -0.018892565742135048, -0.0038454763125628233, 0.0038371796254068613, -0.04555211961269379, 0.03650623559951782, 0.06622762978076935, -0.0038762798067182302, 7.735165127087384e-05, 0.0458049438893795, 0.0023651975207030773, -0.015643173828721046, -0.004089031834155321, 0.006266660522669554, 0.07991530746221542, -0.022900277748703957, 0.018981346860527992, -0.02180616557598114, 0.008515538647770882, -0.0503043606877327, 0.048486772924661636, 0.016607629135251045, -0.03565487638115883, 0.06645563244819641, 0.04726579412817955, -0.05362234637141228, -0.01964772678911686, 0.002145197940990329, 0.04670697823166847, -0.013374785892665386, 0.0494234673678875, -0.019227374345064163, 0.04487796127796173, 0.00011581207218114287, -0.01275787502527237, -0.005336478818207979, 0.05006226897239685, -0.04385705292224884, -0.004727719817310572, -0.007455207407474518, -0.04771171510219574, 0.019229616969823837, -0.10765321552753448, 0.05107864364981651, -0.0019694038201123476, 0.013898506760597229, -0.008364008739590645, -0.013830495066940784, -0.005799494683742523, -0.0027044082526117563, -0.051838044077157974, -0.0165699515491724, 0.03442654758691788, 0.029990829527378082, 0.008613280951976776, 0.02069910243153572, 0.037851665169000626, 0.043860550969839096, 0.02791350521147251, -0.013856122270226479, -0.027521906420588493, -0.012378868646919727, -0.05508151650428772, 0.002729553496465087, 0.01578819565474987, -0.03702709823846817, -0.03430803865194321, -0.0013718892587348819, -0.02623150125145912, 0.019048357382416725, 0.03202784061431885, 0.007960937917232513, 0.024987317621707916, -0.014503187499940395, 0.008396645076572895, -0.012944396585226059, 0.06283710896968842, -0.018732942640781403, -0.00754288025200367, 0.006480550393462181, 0.013882406055927277, 0.045346613973379135, 0.04463599622249603, 0.018372584134340286, -0.0262919869273901, 0.023740677163004875, 0.008752530440688133, 0.0454326756298542, 0.034136366099119186, -0.01903359219431877, -0.04500356689095497, -0.03965061902999878, -0.09088290482759476, 0.013723368756473064, -0.016828322783112526, -0.03900596499443054, -0.021366061642766, 0.0041127558797597885, -0.01199197769165039, -0.011911576613783836, 0.03635063022375107, -0.0019055716693401337, 0.02945362776517868, -0.004063576925545931, -0.0042957160621881485, -0.006194713059812784, -0.019624998793005943, 0.017876986414194107, -0.03913961723446846, -0.027806604281067848, 0.03817012533545494, -0.014283648692071438, -0.007981164380908012, -0.05799165740609169, -0.009529021568596363, -0.021932702511548996, -0.03788646310567856, -0.017764784395694733, -0.010466079227626324, -0.05553724989295006, 0.001846017432399094, 0.046455852687358856, -0.019887026399374008, 0.01472791563719511, -0.02412332594394684, 0.027659058570861816, -0.028181232511997223, -0.006285807583481073, 0.09968692809343338, 0.015848059207201004, 0.004625360015779734, 0.04354098439216614, 0.023032987490296364, 0.05090869590640068, 0.05302528291940689, -0.004820641130208969, 0.007282273378223181, 0.03642253577709198, -0.05466450750827789, -0.005936881527304649, -0.03281256556510925, 0.028724797070026398, -0.011873614974319935, -0.06948447227478027, -0.02261819876730442, 0.005279828794300556, 0.0007642655400559306, -0.012485047802329063, 0.016477730125188828, -0.05901931971311569, -0.007817328907549381, 0.05543842911720276, -0.018268948420882225, 0.09131379425525665, 0.017381299287080765, 0.03445909172296524, 0.008700904436409473, -0.06519445031881332, -0.008789650164544582, 0.020872658118605614, -0.017662035301327705, 0.00977125484496355, -0.024792594835162163, -0.003581846598535776, -0.03859727829694748, 0.047609373927116394, 0.0038698590360581875, -0.007916039787232876, 0.021346505731344223, 0.012184164486825466, -0.051546916365623474, 0.011685232631862164, 0.004903195425868034, 0.0102439159527421, 0.012798353098332882, 0.01861645095050335, 0.003837848547846079, -0.024128355085849762, -0.014306411147117615, 0.058713365346193314, 0.007284363266080618, 0.018457822501659393, 0.03450259566307068, -0.05498385429382324, -0.03180791437625885, 0.0017403974197804928, 0.004766001366078854, -0.01231890358030796, -0.006785018835216761, 0.04626031592488289, -0.016384894028306007, 0.002782929688692093, 0.022740179672837257, -0.0014500569086521864, -0.004030189011245966, -0.02168307825922966, -0.013664200901985168, -0.013992633670568466, 0.024677185341715813, -0.000874523539096117, 0.005502232350409031, 0.039190229028463364, -0.05622889846563339, 0.04003753885626793, -0.04720613360404968, -0.004500655457377434, -0.0211249440908432, -0.011985886842012405, -0.012875226326286793, 0.019368566572666168, 0.017505357041954994, 0.021294191479682922, 0.011470915749669075, -0.056281719356775284, -0.0051012588664889336, 0.03353343904018402, -0.03269720822572708, -0.011383376084268093, -0.01836354099214077, -0.029289450496435165, 0.0424964614212513, 0.022444143891334534, 0.03516105189919472, 0.03525794297456741, 0.008286220021545887, -0.013135881163179874, -0.020814524963498116, -0.0014855542685836554, -0.03734854981303215, -0.04403924196958542, -0.0398307740688324, 0.016786349937319756, -0.005447268486022949, -0.023663245141506195, 0.02122986875474453, 0.009416989982128143, 0.014166907407343388, -0.0042161704041063786, 0.008242343552410603, 0.01571628637611866, -0.011537331156432629, -0.058536820113658905, 0.039106667041778564, -0.006790215149521828, -0.01593201793730259, 0.005437864921987057, 0.009696336463093758, -0.009294122457504272, -0.07787603884935379, 0.0005439692758955061, 0.019972704350948334, 0.029925012961030006, 0.035017114132642746, 0.0640464797616005, -0.012137777172029018, -0.011162684299051762, -0.0029507018625736237, 0.03058549016714096, 0.0070378039963543415, -0.006012920290231705, 0.007792914751917124, -0.026972012594342232, 0.021952781826257706, 0.025557896122336388, 0.004825506825000048, -0.012613549828529358, -0.0038232493679970503, -0.046714864671230316, -0.015088031999766827, -0.045906152576208115, -0.003065591212362051, -0.039568692445755005, 0.012573234736919403, -0.011142142117023468, -0.006530298385769129, 0.03098822943866253, 0.01101312693208456, -0.006404792424291372, -0.02065379172563553, 0.052435487508773804, -0.01124199852347374, -0.03517185151576996, -0.00891901459544897, 0.0017109946347773075, -0.026783568784594536, -0.057823266834020615, -0.0049517108127474785, 0.020938506349921227, 0.03129605948925018, -0.024819308891892433, -0.0349368192255497, -0.01584753394126892, 0.008790094405412674, -0.014143433421850204, 0.027466770261526108, 0.0017434710171073675, 0.03508632630109787, -0.02749819867312908, 0.052766021341085434, -0.029935335740447044, 0.02449139952659607, 0.025382149964571, 0.009144599549472332, 0.001740774023346603, 0.012275720946490765, -0.00040384838939644396, 0.026210693642497063, -0.016913320869207382, -0.013100230135023594, 0.017737314105033875, 0.003572622546926141, -0.0050958008505403996, 0.03234464302659035, -0.030398918315768242, 0.016910111531615257, 0.03569592162966728, 0.02074311673641205, -0.032274194061756134, 0.004838347434997559, 0.012618628330528736, 0.004621093161404133, -0.030188007280230522, -0.0005844238330610096, 0.005581162869930267, -0.01996406726539135, -0.009436938911676407, 0.005893472116440535, -0.02939227968454361, 0.007077160757035017, -0.0335129052400589, 0.02985326386988163, -0.11924944072961807, 0.00739081297069788, 0.03510691970586777, 0.026676131412386894, -0.019264964386820793, 0.0031212056055665016, 0.03228946030139923, -0.019548064097762108, 0.012916107662022114, -0.041338514536619186, -0.05048825964331627, -0.0029729576781392097, -0.0149930315092206, -0.021182261407375336, 0.031779222190380096, 0.01971610262989998, 0.04578924551606178, 0.018680879846215248, -0.003881697542965412, -0.0038442218210548162, -0.006988610606640577, 0.0035077373031526804, 0.029757771641016006, -0.0142100490629673, -0.007843821309506893, -0.034670230001211166, 0.01245077420026064, 0.019813355058431625, 0.00784035213291645, -0.01432491559535265, -0.048123590648174286, -0.01583133451640606, 0.007115920074284077, 0.03775439038872719, 0.02003437653183937, -0.003625961020588875, 0.020296426489949226, 0.005733273457735777, -0.017925698310136795, 0.01058829203248024, -0.015374671667814255, 0.026513732969760895, -0.03339487314224243, -0.01601845771074295, 0.029014313593506813, 0.07392428070306778, -0.012901094742119312, -0.015316612087190151, -0.028899960219860077, 0.0054775080643594265, -0.03855263069272041, 0.06488453596830368, -0.0087647819891572, 0.015308183617889881, 0.028271926566958427, -0.006632340140640736, -0.04335451498627663, -0.051152098923921585, -0.06403110176324844, 0.02496369741857052, -0.02907361090183258, 0.0031194472685456276, -0.04633694142103195, -0.04797172546386719, 0.011737900786101818, 0.04730445519089699, -0.07194092869758606, 0.06324563175439835, -0.029362423345446587, -0.014054334722459316, -0.016151167452335358, -0.04793271794915199, -0.042156483978033066, -0.02539302594959736, -0.0026922111865133047, 0.006742323748767376, 0.03220311552286148, -0.05225414037704468, -0.05338168889284134, 0.003092782571911812, -0.04238780215382576, -0.007476097904145718, -0.059526003897190094, 0.025886131450533867, 0.09696123749017715, 0.026387488469481468, -0.006005492992699146, 0.01859389990568161, -0.027276014909148216, -0.03989081829786301, -0.047202177345752716, 0.005694568157196045, -0.0039062444120645523, 0.02609252743422985, 0.022910114377737045, 0.026012979447841644, -0.010641967877745628, 0.008144228719174862, 0.018702227622270584, -0.04005243629217148, -0.04416484758257866, -0.061335306614637375, 0.010157216340303421, 0.009109190665185452, -0.03604057803750038, -0.00597754679620266, 0.04010937735438347, 0.03724101930856705, 0.008607706055045128, -0.03840984031558037, -0.03992665559053421, -0.019859515130519867, -0.03304886072874069, -0.004848106764256954, -0.05483565852046013, 0.016902590170502663, 0.02734418399631977, 0.008604926988482475, 0.010935434140264988, 0.011415357701480389, 0.025442959740757942, 0.014665269292891026, 0.043084532022476196, -0.031642716377973557, -0.0011724644573405385, -0.03960449621081352, 0.03894047439098358, 0.02667984738945961, 0.015349185094237328, -0.023197362199425697, -0.0016012013657018542, -0.02554999478161335, -0.028146915137767792, 0.04799904674291611, 0.017514396458864212, 0.026231182739138603, -0.04414572939276695, 0.02825227379798889, -0.051848940551280975, -0.04873914271593094, -0.009343095123767853, -0.01894533447921276, 0.0496990866959095, -0.04940906912088394, 0.024067020043730736, 0.005583800375461578, 0.06156033277511597, -0.005114502273499966, 0.01140626985579729, -0.005178692284971476, -0.0010528404964134097, -0.010079439729452133, 0.020561441779136658, 0.05377409979701042, -0.0215581227093935, 0.03777074068784714, -0.021712735295295715, 0.01746503636240959, -0.04689696431159973, 0.017504988238215446, -0.019606739282608032, -0.04442550987005234, -0.016696114093065262, -0.004194814246147871, -5.532290379051119e-05, 0.013651182875037193, -0.0031230917666107416, 0.012694397009909153, -0.01946604810655117, 0.01902981847524643, -0.012935697101056576, 0.02515588514506817, -0.016987191513180733, 0.015740113332867622, 0.04900481551885605, -0.04447732865810394, 0.03121853619813919, 0.0065104663372039795, 0.02912532538175583, -0.034639373421669006, 0.02536158636212349, -0.0013838345184922218, 0.02922997996211052, 0.02455163560807705, -0.027905475348234177, -0.025202346965670586, 0.03743233531713486, 0.020036762580275536, -0.008468762040138245, -0.009387623518705368, -0.014360719360411167, -0.01599438674747944, -0.0008778143674135208, 5.946734381723218e-05, 0.011263815686106682, -0.02128029428422451, 0.0027613327838480473, -0.004549366421997547, 0.005359938833862543, 0.052299659699201584, 0.02829216979444027, -0.02028295211493969, 0.0578145831823349, -0.041570015251636505, -0.014436203986406326, 0.010934196412563324, -0.041868314146995544, 0.04250247776508331, -0.012319445610046387, 0.06822742521762848, -0.012312911450862885, -0.04847242683172226, -0.010223444551229477, 0.00523769436404109, -0.007511904463171959, -0.026823638007044792, 0.01293359138071537, 0.003464799840003252, 0.037853505462408066, 0.00734552089124918, 0.007418476976454258, 0.03571778163313866, 0.0034237499348819256, -0.016855763271450996, -0.04240817949175835, -0.0031901681795716286, -0.002498072572052479, 0.0338914580643177, 0.0032879228238016367, 0.0027721456717699766, 0.0011139032430946827, -0.006993064656853676, -0.01341992150992155, 0.006664949934929609, 0.02398873306810856, 0.018058614805340767, 0.013379978016018867, 0.03780002146959305, -0.05853010341525078, 0.010724619962275028, 0.0011702763149514794, 0.010812601074576378, -0.003908396698534489, 0.017048800364136696]",,
15_1_0_errors_deprecated_target_config_mdx_section_1,section,15_1_0_errors_deprecated_target_config_mdx,Deprecated target config - Why This Error Occurred,,{},15.1.0,"Starting in Next.js 13, the `` property in `` has been removed.
",,"[(np.int64(180), np.float64(0.013620853424072266)), (np.int64(238), np.float64(0.0063519664108753204)), (np.int64(262), np.float64(0.12357884645462036)), (np.int64(297), np.float64(0.047097764909267426)), (np.int64(3293), np.float64(0.14632835984230042)), (np.int64(4460), np.float64(0.1465333104133606)), (np.int64(4692), np.float64(0.16438215970993042)), (np.int64(30388), np.float64(0.34386229515075684)), (np.int64(44084), np.float64(0.12883442640304565)), (np.int64(64240), np.float64(0.09433814883232117)), (np.int64(153837), np.float64(0.27576589584350586)), (np.int64(212059), np.float64(0.23330585658550262))]","[-0.025598715990781784, 0.010869982652366161, -0.032517384737730026, 0.010720954276621342, -0.015348819084465504, -0.019913386553525925, 0.012954182922840118, 0.03882402181625366, -0.0005842658574692905, 0.004766498226672411, 0.02354930154979229, -0.012286197394132614, -0.02046113833785057, -0.016434025019407272, -0.002686793450266123, 0.024163823574781418, 0.04527387022972107, 0.03435986116528511, 0.009398868307471275, -0.003917518071830273, -0.00697930296882987, -0.009683329612016678, -0.006987474858760834, 0.0566597543656826, 0.039964236319065094, 0.02163826860487461, 0.011942796409130096, 0.022500989958643913, 0.021838903427124023, 0.028931546956300735, 0.006271916441619396, -0.07012403011322021, -0.009410271421074867, -0.014703802764415741, -0.04814862459897995, -0.04074554145336151, 0.017192361876368523, 0.002186492318287492, -0.04547690227627754, -0.024946190416812897, -0.00546080619096756, 0.008392981253564358, 0.02085612155497074, -0.024767722934484482, 0.050575003027915955, 0.024343237280845642, 0.01502491906285286, -0.0222368985414505, -0.009583104401826859, 0.029600325971841812, 0.0048591457307338715, 0.0339822843670845, 0.04460205137729645, -0.04686727747321129, 0.033544402569532394, -0.03518127650022507, -0.022458156570792198, -0.04283725097775459, 0.008598031476140022, 0.0238999892026186, -0.03817013278603554, -0.011324441991746426, -0.03829878568649292, 0.0016125526744872332, -0.00191917282063514, 0.06709766387939453, -0.040880028158426285, -0.009038077667355537, -0.010968473739922047, -0.0321602001786232, -0.01578080654144287, -0.0009617014438845217, -0.039437174797058105, -0.05228318274021149, -0.011919282376766205, -0.0013471751008182764, -0.007503248285502195, -0.034957222640514374, -0.007683132775127888, -0.03042389079928398, 0.04097294807434082, -0.0019426133949309587, 0.04659934714436531, -0.01936788111925125, 0.031423408538103104, 0.028720349073410034, -0.03500569239258766, -0.029814865440130234, 0.02713104523718357, -0.03256622329354286, 0.029338406398892403, -0.013988032937049866, 0.06455828994512558, -0.014974148012697697, 0.008099652826786041, -0.00016006955411285162, -0.02885853312909603, -0.007637737784534693, 0.049455899745225906, -0.04259244352579117, 0.007800395600497723, -0.0013367787469178438, 0.020047247409820557, 0.004655776079744101, 0.05567732825875282, 0.004579553846269846, 0.0585198774933815, 0.06415421515703201, 0.037478968501091, -0.0009672995074652135, 0.02385297231376171, 0.021537302061915398, 0.0011990014463663101, 0.011113341897726059, 0.018616225570440292, -0.0334128774702549, -0.01576600968837738, -0.03904496505856514, 0.02096232958137989, -0.014501894824206829, 0.07992397248744965, 0.007298859767615795, 0.018428217619657516, -0.04015524312853813, 0.05726035311818123, -0.02088232710957527, -0.025909680873155594, 0.05224185064435005, -0.03615551069378853, 0.00844923872500658, -0.024207046255469322, -0.0066906483843922615, -0.008007172495126724, 0.006557813845574856, -0.04269857704639435, -0.022917766124010086, -0.034417230635881424, -0.011781132780015469, -0.01071395818144083, -0.031015096232295036, -0.022234933450818062, 0.03253510594367981, 0.014133783057332039, -0.07381843775510788, 0.007861915975809097, 0.01631901226937771, 0.022100577130913734, 0.020724449306726456, 0.021556543186306953, -0.08481226861476898, -0.053524572402238846, 0.01789269596338272, 0.034934964030981064, -0.02967953123152256, -0.0017774405423551798, -0.006658479571342468, -0.011013966053724289, 0.0018331649480387568, 0.005676569417119026, -0.01245354674756527, -0.014166796579957008, -0.013821828179061413, -0.028312252834439278, -0.01753988489508629, 0.01940581388771534, 0.03792869299650192, -0.010260412469506264, 0.008618878200650215, -0.010344165377318859, 0.006253371015191078, -0.0028699126560240984, -0.013846654444932938, 0.012432487681508064, -0.03639432415366173, 0.030876729637384415, 0.05276213586330414, 0.05241267383098602, 0.01604604721069336, -0.011464954353868961, -0.006146889179944992, -0.043112438172101974, 0.0358542762696743, 0.011061661876738071, -0.02064233087003231, -0.08174969255924225, 0.003650025697425008, 0.01208398025482893, 0.0052024289034307, -0.004609578289091587, 0.0019238737877458334, -0.049476508051157, -0.024957235902547836, 0.050123430788517, 0.00688373064622283, 0.0386265367269516, -0.00922387931495905, 0.008368964307010174, -0.02444828487932682, 0.017045067623257637, -0.01836196891963482, -0.04452454671263695, 0.02368166111409664, 0.030531343072652817, -0.04457400366663933, -0.03338625282049179, -0.012146210297942162, -0.06750413030385971, -0.020443063229322433, 0.022375252097845078, -0.014302045106887817, -0.0198358241468668, -0.007988754659891129, 0.01833934895694256, -0.011434308253228664, -0.046140752732753754, 0.015639744699001312, -0.015123339369893074, 0.019645344465970993, -0.009409802965819836, -0.04982473701238632, -0.014202653430402279, -0.014836662448942661, 0.013529062271118164, 0.01657245121896267, -0.02835729718208313, 0.004197157919406891, 0.02304457500576973, 0.020562252029776573, 0.00812624767422676, -0.010134854353964329, -0.010578478686511517, -0.011270294897258282, -0.006163392681628466, -0.03380550816655159, 0.0401386022567749, -0.008434426970779896, 0.022267494350671768, 0.007767228875309229, 0.03397233411669731, -0.013412046246230602, -0.009010311216115952, -0.03327765315771103, -0.039538249373435974, 0.008303852751851082, -0.017051225528120995, -0.03355078771710396, 0.015657668933272362, 0.02565942145884037, 0.021370066329836845, 0.0008028000011108816, 0.04197188839316368, 0.008195841684937477, -0.027157573029398918, -0.01628359593451023, -0.008960043080151081, 0.0382569395005703, -0.02146475948393345, -0.013908211141824722, -0.019925126805901527, -0.035806890577077866, 0.05889312922954559, -0.00749747920781374, 0.008676093071699142, 0.015771934762597084, 0.0022379138972610235, -0.005497217644006014, 0.022802716121077538, 0.0355672761797905, 0.007004921790212393, 0.012042975053191185, -0.04779649153351784, 0.005419943016022444, -0.002015781821683049, 0.008390947245061398, 0.007698036264628172, 0.015591396018862724, -0.010692588984966278, -0.045739445835351944, 0.030339883640408516, 0.020285887643694878, -0.03240995109081268, 0.005329132545739412, 0.01901373825967312, 0.041723281145095825, 0.02874821610748768, -0.006295745261013508, -0.01407251600176096, 0.03275734558701515, -0.01798407919704914, -0.02235376089811325, 0.028680900111794472, -1.4464143532677554e-05, 0.07011567056179047, 0.015035303309559822, -0.04213229566812515, -0.07478807121515274, 0.004525805823504925, -0.15257161855697632, 0.040417954325675964, 0.03052651695907116, -0.013586164452135563, 0.007009746041148901, 0.024089012295007706, -0.03903280943632126, 0.03384377807378769, -0.01957852579653263, 0.041825637221336365, -0.06989710032939911, -0.06145323067903519, 0.004467662423849106, -0.05375275760889053, -0.004483882337808609, 0.03784117475152016, -0.03497260808944702, 0.0020036548376083374, 0.029238713905215263, -0.04380373656749725, 0.001954559003934264, -0.013649612665176392, 0.028304846957325935, -0.014904272742569447, 0.0016171736642718315, -0.043186482042074203, 0.022237954661250114, -0.041396502405405045, -0.051056236028671265, -0.021784396842122078, 0.004073356743901968, 0.03382008522748947, -0.022162968292832375, 0.016840191558003426, 0.003664198098704219, 0.040161099284887314, 0.040485821664333344, -0.038773730397224426, -0.04746466875076294, -0.04350883886218071, 0.03472023829817772, -0.007459600921720266, -0.04227635636925697, 0.004649672657251358, 0.05593423917889595, -0.0416916161775589, 0.00443157646805048, -0.025582514703273773, -0.020752212032675743, 0.017400119453668594, 0.017254384234547615, 0.040254414081573486, -0.023555153980851173, -0.038738131523132324, 0.012363656423985958, 0.006401601247489452, 0.03451952338218689, 0.026307810097932816, -0.050802335143089294, -0.02463586814701557, -0.04163781926035881, -0.024862835183739662, 0.045385267585515976, 0.029192127287387848, -0.031607307493686676, -0.02722950093448162, -0.0020106432493776083, -0.025235336273908615, 0.03741498664021492, -0.050081878900527954, 0.012629867531359196, 0.0012751653557643294, 0.022375788539648056, -0.03041420318186283, -0.04347890242934227, -0.024590149521827698, 0.005706555210053921, -0.05052319914102554, 0.02853771671652794, -0.08940830081701279, 0.038084134459495544, 0.0001443982619093731, 0.004857848864048719, 0.05714421719312668, -0.03843587636947632, 0.017373953014612198, 0.02756829746067524, -0.01975884847342968, 0.0326603502035141, 0.22644910216331482, 0.0673031359910965, -0.0017023750115185976, 0.05472623184323311, 0.04326808080077171, -0.022180067375302315, 0.016043785959482193, 0.05980689451098442, -0.0033535147085785866, -0.06252037733793259, -0.012615611776709557, 0.007963522337377071, 0.014785023406147957, 0.0009318940574303269, 0.013582728803157806, 0.019276056438684464, 0.015546876937150955, 0.041872281581163406, 0.06098131835460663, -0.044871848076581955, 0.04645231366157532, -0.00138575560413301, 0.009137460961937904, 0.01623702049255371, -0.06031216308474541, -0.0035928525030612946, -0.0417349748313427, -0.014672486111521721, -0.024250585585832596, 0.02447853982448578, -0.049410637468099594, 0.015335858799517155, 0.02456739731132984, -0.03940296918153763, 0.0003155136073473841, -0.05806386098265648, -0.005990559235215187, -0.02512635663151741, -0.03949243202805519, 0.043822310864925385, -0.02795274183154106, -0.015938540920615196, -0.023355502635240555, 0.01740873232483864, -0.019574573263525963, -0.008728226646780968, 0.003102208487689495, -0.023475002497434616, 0.01718612015247345, -0.016141928732395172, -0.0013911941787227988, -0.021197451278567314, 0.0042804223485291, 0.035360291600227356, -0.01152732688933611, -0.05421164259314537, -0.019404280930757523, 0.004818092565983534, -0.014337972737848759, 0.022298380732536316, -0.00584408501163125, 0.020706862211227417, -0.005009287968277931, 0.061349909752607346, -0.0030497952830046415, -0.011827790178358555, 0.023948833346366882, -0.03773769363760948, 0.027808289974927902, 0.037353064864873886, -0.001837056828662753, -0.01846414804458618, 0.00028988870326429605, 0.014873755164444447, 0.015045159496366978, 0.01249875407665968, -0.009377960115671158, 0.017620038241147995, 0.02323441579937935, 0.06254124641418457, -0.012233023531734943, -0.024634985253214836, -0.03302939981222153, 0.01415130216628313, 0.03672434762120247, -0.06636621057987213, 0.023201921954751015, 0.04652884975075722, -0.0206046961247921, -0.05926908925175667, 0.006209497340023518, 0.024384280666708946, -0.0068773371167480946, 0.029871555045247078, -0.019584674388170242, -0.001309116487391293, 0.04850613698363304, 0.01562514342367649, -0.043897900730371475, 0.021312102675437927, -0.0698058232665062, -0.012968667782843113, -0.0070569077506661415, -0.06893053650856018, -0.0033540737349539995, -0.037161123007535934, 0.0176621712744236, -0.0002708538086153567, 0.018684200942516327, -0.05304604768753052, 0.055400144308805466, 0.013055206276476383, 0.010697649791836739, -0.015648167580366135, -0.0023315767757594585, 0.03231443092226982, 0.03528641536831856, 0.04275570064783096, 0.01588977687060833, 0.026161400601267815, 0.05527150630950928, -0.0005567778134718537, -0.031724829226732254, -0.025673769414424896, -0.054303836077451706, -0.0024325901176780462, -0.0017775462474673986, 2.542151923989877e-05, -0.051657505333423615, -0.03211377188563347, -0.026205414906144142, -0.024992002174258232, -0.04912171512842178, -0.027034670114517212, 0.04115509241819382, -0.004468339495360851, -0.0005914331413805485, -0.001999577507376671, -0.00685565872117877, 0.01818881183862686, -0.02051493525505066, -0.021593810990452766, -0.0014433793257921934, 0.014567261561751366, 0.031064394861459732, 0.047267597168684006, -0.007146407384425402, -0.03510294109582901, 0.017426958307623863, -0.010455530136823654, 0.017250938341021538, 0.043812599033117294, -0.029619446024298668, -0.0490308552980423, -0.031523868441581726, -0.03608005866408348, 0.015033257193863392, 0.003814837895333767, -0.026184896007180214, -0.018956240266561508, 0.03643219918012619, -0.0372333750128746, -0.012125764042139053, 0.030036918818950653, 0.018226195126771927, 0.0229053795337677, -0.030944854021072388, 0.00790709350258112, -0.026296215131878853, -0.03061443381011486, 0.009168224409222603, -0.0530305877327919, -0.03833824023604393, -0.0031791110523045063, 0.010825157165527344, -0.0009251324227079749, -0.023086240515112877, 0.020638357847929, -0.004671143367886543, -0.035798463970422745, -0.018136247992515564, -0.04085655137896538, -0.053255002945661545, -0.009717064909636974, 0.028971150517463684, -0.02250015363097191, 0.014958750456571579, -0.019896239042282104, 0.034987401217222214, -0.02417093701660633, -0.017381692305207253, 0.10492120683193207, 0.01589333266019821, -0.014508016407489777, 0.05372896045446396, -0.02343112602829933, 0.01310180313885212, 0.005462838336825371, -0.01773099973797798, -0.0381019227206707, 0.024543235078454018, -0.014912614598870277, 0.0007222015410661697, 0.011316079646348953, 0.024207232519984245, -0.02795804850757122, -0.04095707833766937, 0.017509186640381813, -0.01314089260995388, -0.04195358231663704, -0.004956391174346209, -0.02675997093319893, 0.007869943976402283, 0.018595438450574875, 0.04581605643033981, -0.003667304525151849, 0.05121999606490135, 0.006638081278651953, 0.04360837861895561, -0.01685730181634426, -0.010092375800013542, 0.007869762368500233, 0.019384196028113365, -0.0406682975590229, 0.015030579641461372, 0.012870395556092262, 0.01784348674118519, -0.006339315790683031, 0.027326717972755432, 0.04271189123392105, -0.0010687594767659903, 0.047732166945934296, -0.005792847368866205, -0.03654445707798004, 0.04280000552535057, 0.012007851153612137, 0.008104086853563786, 0.03615019470453262, 0.03988749906420708, -0.025131940841674805, 0.0007803047774359584, -0.04315793141722679, 0.051183562725782394, 0.030711248517036438, 0.025769636034965515, 0.014080769382417202, -0.0050376905128359795, -0.040821373462677, 0.007863598875701427, 0.021922552958130836, -0.025863563641905785, 0.018062183633446693, 0.011128747835755348, -0.003635380184277892, 0.008847000077366829, 0.012034675106406212, 0.03174830600619316, -0.021373985335230827, -0.0771157294511795, -0.03911492973566055, 0.0021714360918849707, 0.031888607889413834, -0.016878889873623848, -0.016636652871966362, 0.011348089203238487, -0.03579862043261528, 0.03166096657514572, -0.05866362527012825, -0.02596726268529892, 0.023513710126280785, 0.0233363825827837, -0.030969636514782906, -0.01041440200060606, 0.004976618569344282, 0.026724087074398994, 0.028803598135709763, -0.0874127745628357, 0.013759627006947994, 0.010449367575347424, 0.013946207240223885, 0.00041739895823411644, 0.01525008212774992, -0.03331509605050087, 0.024588657543063164, -0.0043559605255723, 0.010433262214064598, 0.01925787888467312, 0.04258928447961807, 0.0025934805162250996, -0.02404654398560524, 0.0026854367461055517, -0.061365190893411636, -0.020446553826332092, -0.05077480152249336, -0.011641916818916798, 0.0355694480240345, -0.007781194988638163, 0.01704290881752968, -0.0002994610113091767, 0.02290351130068302, -0.024179359897971153, -0.013789533637464046, -0.0044261920265853405, -0.0029461272060871124, -0.04877668619155884, 0.058268480002880096, 0.04234660044312477, -0.03353901207447052, 0.01919449120759964, 0.008779452182352543, 0.004407117608934641, -0.07069488614797592, 0.02666524052619934, 0.006362754851579666, 0.0265483520925045, 0.06639332324266434, 0.04652756080031395, -0.0003093486884608865, -0.009444485418498516, 0.018205594271421432, 0.002885890658944845, 0.04308836907148361, -0.0284277256578207, -0.06357023119926453, -0.03329433873295784, 0.057583119720220566, 0.055795468389987946, -0.030823973938822746, -0.009706966578960419, -0.026866139844059944, -0.03883255273103714, -0.006788532715290785, -0.009172648191452026, 0.04188937321305275, -0.011105800047516823, 0.014748827554285526, -0.02306630276143551, -0.005131849087774754, 0.015802854672074318, 0.0211534071713686, -0.016565585508942604, -0.053865697234869, 0.026860343292355537, -0.010417591780424118, 0.0013321770820766687, -0.004230440594255924, 0.009395841509103775, -0.01756591908633709, -0.020758137106895447, -0.012469114735722542, 0.009548289701342583, 0.0335693433880806, -0.04549722000956535, -0.03984843194484711, 0.0009127748780883849, 0.028457971289753914, -0.01880194991827011, 0.009187213145196438, 0.03196888044476509, -0.009267258457839489, -0.012959110550582409, -0.0014045101124793291, -0.053886912763118744, 0.03370484337210655, 0.006457383744418621, 0.05465185269713402, -0.0010985139524564147, 0.012830737978219986, 0.011587384156882763, 0.0003234225732740015, -0.012704447843134403, -0.024767182767391205, -0.01141227874904871, -0.01600589044392109, -0.008731875568628311, -0.00435806205496192, -0.022632308304309845, -0.017673229798674583, 0.03934609144926071, 0.02514808624982834, -0.004718409385532141, -0.01457513403147459, -0.008562570437788963, 0.0057501476258039474, -0.0017055879579856992, 0.012119884602725506, 0.02291840687394142, -0.0011797611368820071, 0.02592524141073227, 0.01648242026567459, -0.03762093931436539, 0.020129723474383354, -0.03341354802250862, -0.013241900131106377, -0.14545850455760956, 0.015602816827595234, 0.013133801519870758, 0.006527511868625879, -0.04180632159113884, 0.024297287687659264, 0.01617845520377159, 0.00715245446190238, 0.025974197313189507, -0.023161888122558594, -0.04709714278578758, -0.03723645955324173, -0.0006697291973978281, -0.016021346673369408, 0.005625184625387192, 0.016642652451992035, 0.01794092357158661, 0.02430577017366886, 0.0017791701247915626, 0.01892758533358574, 0.0011720077600330114, 0.019792860373854637, 0.014052456244826317, 0.03124096803367138, 0.02420758828520775, -0.003183626104146242, -0.006903905887156725, 0.05007603392004967, -0.018656231462955475, -0.03284794092178345, -0.025616025552153587, 0.05198834836483002, -0.006848220247775316, 0.04026833921670914, 0.0032843078952282667, 0.005897398106753826, 0.02069813385605812, -0.012226449325680733, -0.018322255462408066, 0.0057088453322649, 0.001183916931040585, 0.03094809502363205, -0.0110924756154418, -0.009602338075637817, 0.03184032067656517, 0.04012184217572212, 0.0029362645000219345, 0.010235614143311977, -0.041140343993902206, -0.001061985152773559, -0.008924279361963272, 0.036108504980802536, -0.0065601118840277195, 0.057850904762744904, 0.006243124138563871, 0.0029391988646239042, -0.03435000777244568, -0.0690065547823906, -0.05244729667901993, 0.06001291424036026, -0.022576620802283287, -0.009926966391503811, -0.04767994582653046, -0.06926383823156357, -0.014931421726942062, 0.03868146985769272, -0.0382477343082428, 0.0022419693414121866, 0.004419563803821802, -0.0004868987307418138, 0.002429296961054206, -0.010021545924246311, -0.02896011248230934, -0.02888447232544422, -0.01881084032356739, -0.0009724897099658847, 0.003906723111867905, -0.0009066701168194413, -0.042294614017009735, 0.00750785693526268, -0.04724586009979248, 0.0401289276778698, -0.07544749230146408, 0.008823293261229992, 0.06852533668279648, 0.030976513400673866, -0.027263298630714417, 0.027454854920506477, -0.04593634605407715, -0.001661611720919609, -0.025622369721531868, 0.02193331904709339, 0.014809280633926392, -0.00016624155978206545, -0.016415907070040703, 0.04344842582941055, -0.03550375998020172, 0.03071112185716629, 0.014970416203141212, -0.03019043803215027, -0.04608410224318504, -0.004657231271266937, -0.01594308577477932, 0.016358988359570503, -0.04711531102657318, 0.01939934864640236, 0.02362109161913395, 0.003321017837151885, 0.01962302252650261, -0.040866266936063766, -0.04156489297747612, -0.03476445749402046, -0.017952805384993553, -0.026619980111718178, -0.0015323259867727757, -0.006394665688276291, 0.003936562687158585, 0.021571025252342224, -0.015049205161631107, 0.031346384435892105, 0.013860526494681835, 0.005207458510994911, 0.07602232694625854, -0.060074374079704285, -0.006222548428922892, 0.00190618762280792, 0.024072444066405296, 0.0012464257888495922, 0.019313544034957886, -0.022742528468370438, 0.050936680287122726, -0.029369382187724113, 0.006462295539677143, 0.05266318470239639, 0.05046487972140312, -0.0006050773663446307, 0.005485183093696833, 0.032230399549007416, -0.06196841597557068, -0.025533540174365044, -0.01980169117450714, -0.01687924563884735, 0.0748162716627121, -0.025536147877573967, 0.018511610105633736, -0.03671732544898987, 0.04901877045631409, 0.008756760507822037, 0.008429947309195995, -0.03808295726776123, -0.008604605682194233, -0.013995719142258167, 0.019299862906336784, 0.026494398713111877, -0.0239510890096426, 0.012300402857363224, 0.023209288716316223, -0.005227242596447468, -0.043636538088321686, 0.030839165672659874, 0.0067218393087387085, -0.06160963699221611, -0.030169859528541565, -0.03079375997185707, -0.0009432864026166499, -0.028088338673114777, -0.014333882369101048, -0.0010314059909433126, -0.022167963907122612, 0.004072136245667934, -0.00650106742978096, 0.009898422285914421, -0.009328030981123447, 0.02780447155237198, 0.010283601470291615, -0.05748122185468674, 0.02733251452445984, 0.015831392258405685, 0.07275380939245224, -0.05369129404425621, 0.04793160781264305, -0.0272563174366951, 0.03767996281385422, 0.016700394451618195, 0.0048098014667630196, 0.0007341726450249553, 0.002056904137134552, 0.05449433997273445, -0.02339775674045086, -0.029656853526830673, -0.03634810820221901, 0.026942256838083267, -0.025842612609267235, 0.00909961573779583, 0.005331442691385746, 0.020285360515117645, -0.013137622736394405, 0.028670113533735275, -0.004071125760674477, 0.02659241482615471, 0.026749588549137115, 0.004913525190204382, 0.02189420908689499, -0.026067422702908516, -0.022641446441411972, 0.032525449991226196, -0.039839908480644226, 0.018154527992010117, -0.01812199130654335, 0.04402289167046547, -0.05291062965989113, -0.025470640510320663, 0.013898477889597416, 0.025473911315202713, 0.005189117975533009, 0.012415451928973198, 0.03250676393508911, 0.01699531450867653, 0.057184427976608276, 0.016501300036907196, -0.0036946272011846304, 0.050200846046209335, 0.010538059286773205, -0.010992788709700108, -0.07589711993932724, 0.004307837691158056, -0.015674518421292305, 0.010324717499315739, -0.0006469802465289831, 0.013894034549593925, 0.029316730797290802, 0.019381772726774216, -0.03250190615653992, 0.011102871969342232, 0.011551263742148876, 0.026427673175930977, -0.01816912367939949, 0.027659408748149872, -0.04089529439806938, -0.011754846200346947, 0.04063912853598595, 0.03674626350402832, -0.018327761441469193, 0.01472219917923212]",,
15_1_0_errors_deprecated_target_config_mdx_section_2,section,15_1_0_errors_deprecated_target_config_mdx,Deprecated target config - Possible Ways to Fix It,,{},15.1.0,"For serverless targets, please use the Output File Tracing or deploy your application somewhere where it can be leveraged automatically, like [https://vercel.com](https://vercel.com).
",,"[(np.int64(6), np.float64(0.01804468221962452)), (np.int64(7), np.float64(0.008327163755893707)), (np.int64(262), np.float64(0.14206521213054657)), (np.int64(297), np.float64(0.06072631850838661)), (np.int64(1650), np.float64(0.06383819878101349)), (np.int64(2661), np.float64(0.07409746944904327)), (np.int64(4460), np.float64(0.16716691851615906)), (np.int64(4692), np.float64(0.18278084695339203)), (np.int64(30388), np.float64(0.35356995463371277)), (np.int64(42261), np.float64(0.07718662172555923)), (np.int64(96746), np.float64(0.17111310362815857)), (np.int64(115861), np.float64(0.10571368038654327)), (np.int64(153837), np.float64(0.30817875266075134))]","[-0.041294246912002563, 0.020007571205496788, -0.03125597909092903, 0.007334534078836441, -0.019629884511232376, 0.002564318710938096, 0.04938453063368797, 0.020465102046728134, -0.015857908874750137, -0.007164002861827612, 0.0027526668272912502, 0.022650664672255516, 0.007884283550083637, 0.01660311035811901, -0.01078139990568161, 0.029712235555052757, 0.028589559718966484, 0.0009272907627746463, 0.0071548339910805225, -0.032554756850004196, 0.01611362211406231, 0.021500451490283012, 0.023056834936141968, 0.01906309835612774, -0.0033013257198035717, -0.0015014043310657144, -0.03683992475271225, 0.00735402200371027, -0.006113629788160324, 0.024322494864463806, 0.030564233660697937, -0.001369318226352334, 0.018312394618988037, 0.012357981875538826, -0.05757362022995949, -0.03942330926656723, -0.00445826118811965, -0.03432156890630722, -0.037880588322877884, 0.04224010556936264, -0.013186967000365257, 0.02636442519724369, -0.020618857815861702, -0.005375860724598169, 0.03482934460043907, -0.04760055989027023, 0.005733124911785126, -0.009010589681565762, -0.01736302487552166, -0.012951687909662724, -0.043877772986888885, -0.008338351733982563, 0.01546226255595684, -0.03401060029864311, 0.05858993157744408, 0.05522743985056877, -0.029327673837542534, -0.01185130700469017, -0.026757683604955673, 0.004152242094278336, 0.0012075657723471522, -0.010213745757937431, -0.04085258021950722, 0.014937587082386017, 0.015444508753716946, 0.041926249861717224, -0.005065262317657471, 0.02470814250409603, -0.020452741533517838, -0.03099995106458664, 0.014575623907148838, 0.0006129745161160827, -0.03473566845059395, -0.018517181277275085, -0.06887691468000412, 0.02694508247077465, 0.008870935998857021, -0.02525104582309723, -0.0008793451124802232, -0.0115309813991189, 0.01483074575662613, -0.01912982203066349, -0.0153052294626832, 0.008236773312091827, 0.02125401794910431, 0.03930402174592018, -0.031189966946840286, 0.07438210397958755, 0.02247568778693676, 0.03255603089928627, 0.00387251446954906, -0.017989374697208405, 0.009356622584164143, -0.02305053360760212, -0.06342852115631104, -0.009002145379781723, -0.013016631826758385, 0.030132226645946503, 0.0846935361623764, 0.0038531834725290537, -0.026294220238924026, -0.03254419192671776, -0.024280723184347153, -0.003715639701113105, 0.006607791408896446, 0.027421925216913223, -0.016274772584438324, -0.0003567602834664285, -0.03480721265077591, -0.019664958119392395, -0.002580542117357254, -0.029311710968613625, 0.02043316140770912, 0.010604336857795715, 0.009853646159172058, -0.04012863337993622, -0.017449265345931053, -0.025025557726621628, 0.0012690674047917128, 0.010965665802359581, -0.015208070166409016, 0.023626111447811127, 0.05594747141003609, -0.041196346282958984, 0.0007709870114922523, 0.015396763570606709, -0.025660209357738495, 0.0018495070980861783, 0.02262546867132187, 0.017540855333209038, 0.003142506582662463, 0.049883775413036346, 0.011546336114406586, -0.028500817716121674, -0.0007614953210577369, 0.003839144017547369, -0.00536515936255455, 0.00250557460822165, 0.005818804260343313, -0.026586756110191345, 0.05146382376551628, 0.03323241323232651, 0.031240709125995636, -0.020398814231157303, 0.06755062937736511, -0.04784432053565979, 0.06381674855947495, 0.05743729695677757, 0.001777677214704454, -0.026610365137457848, -0.01522765215486288, -0.014460097067058086, 0.01501416228711605, 0.02346794493496418, -0.01593150570988655, -0.03411811590194702, -0.011495023965835571, 0.006627531256526709, 0.007308229338377714, 0.015360514633357525, -0.04978041350841522, 0.025306791067123413, -0.04044066742062569, 0.05350007861852646, 0.05749796703457832, -0.012687535025179386, -0.012301518581807613, 0.010526448488235474, 0.01145605556666851, -0.03463338315486908, 0.029802190139889717, -0.021884728223085403, 0.043307773768901825, 0.007955166511237621, 0.02278873696923256, 0.04597901925444603, 0.07962439954280853, 0.018160397186875343, -0.006856410298496485, -0.04675650969147682, -0.0024322534445673227, -0.03211583197116852, -0.027478404343128204, -0.02648354321718216, -0.05155719071626663, -0.012162587605416775, 0.027419675141572952, -0.034737471491098404, -0.024014998227357864, 0.026056688278913498, -0.027767743915319443, 0.01431757677346468, 0.02124539576470852, 0.010769475251436234, 0.02828933298587799, 0.001688335440121591, 0.021978316828608513, -2.0382987713674083e-05, -0.0006699229124933481, -0.018248220905661583, -0.016774751245975494, 0.05261196196079254, 0.03827439248561859, 0.008267583325505257, -0.03523722663521767, -0.0025373848620802164, 0.0381368026137352, -0.033327616751194, 0.0017280218889936805, -0.07268533110618591, 0.00853672344237566, -0.020750345662236214, -0.02072678692638874, -0.010778920724987984, -0.03027534857392311, 0.009224481880664825, 0.039307862520217896, 0.038735825568437576, -0.018264289945364, -0.05605335161089897, -0.02836989425122738, 0.04286753013730049, 0.02852625958621502, -0.03993276134133339, 0.00654936209321022, -0.0155792823061347, 0.022877775132656097, 0.022144073620438576, 0.011546132154762745, -0.025190137326717377, -0.033420663326978683, 0.003935723565518856, 0.011312621645629406, -0.015207868069410324, 0.06283672153949738, -0.07483137398958206, -0.07633407413959503, 0.008558185771107674, -0.020360592752695084, -0.0024869851768016815, 0.0024975507985800505, -0.02072036825120449, 0.025293845683336258, -0.05320364236831665, -0.04002745449542999, 0.01672893390059471, -0.0006470557418651879, 0.03746525198221207, -0.03636954724788666, -0.04388798028230667, 0.037740398198366165, 0.028401149436831474, 0.001131099066697061, 0.020227039232850075, 0.007991544902324677, -0.038980092853307724, 0.025116050615906715, 0.019998548552393913, -0.025072501972317696, -0.01863342896103859, 0.009927686303853989, 0.021728839725255966, -0.002064846223220229, 0.02440609596669674, 0.0017489130841568112, 0.0074797323904931545, -0.02169989049434662, -0.033419542014598846, 0.0014657556312158704, -0.015205728821456432, -0.02796722576022148, 0.0101860286667943, 0.01733294688165188, 0.006595980376005173, -0.04113704338669777, 0.012526453472673893, -0.005291464272886515, -0.02165033668279648, 0.10343366861343384, 0.03820740059018135, -0.044154562056064606, 0.07834988087415695, 0.043321188539266586, 0.03120891936123371, 0.06430477648973465, -0.029053576290607452, -0.014032700099050999, -0.02091742865741253, 0.010759958997368813, 0.008844639174640179, -0.012053725309669971, 0.04137689992785454, 0.05604962259531021, -0.021661220118403435, 0.02079750783741474, 0.024799585342407227, -0.005180971696972847, -0.16052275896072388, 0.027971744537353516, 0.005601425655186176, 0.04747360944747925, -0.010501023381948471, 0.01276151742786169, -0.00020446564303711057, 0.00599028030410409, -0.028994107618927956, 0.04404008015990257, -0.004925313871353865, -0.046802978962659836, -0.011504520662128925, -0.04005862772464752, 9.584688814356923e-05, -0.007499092724174261, 0.0012566196965053678, -0.006856834050267935, 0.008564384654164314, -0.032093629240989685, -0.013370165601372719, -0.05083942413330078, 0.009108535945415497, -0.03201853111386299, -0.011058565229177475, -0.01123507134616375, 0.03449229151010513, 0.022642076015472412, 0.033371903002262115, -0.0034273157361894846, -0.007878890261054039, 0.028802059590816498, 0.015942176803946495, -0.009470654651522636, 0.009184700436890125, -0.022145729511976242, 0.007640419527888298, -0.008806616999208927, 0.01115257479250431, -0.015064305625855923, 0.003417428582906723, 0.06645292788743973, -0.0048218644224107265, 0.020411014556884766, 0.024524740874767303, -0.003995839972048998, 0.00023105970467440784, -0.02456306852400303, -0.03353280946612358, -0.01505466178059578, 0.06614217907190323, -0.01497163251042366, -0.011456063017249107, -0.029465552419424057, -0.04400959610939026, 0.018869029358029366, 0.028772950172424316, 0.008644025772809982, -0.05085672065615654, -0.017074784263968468, -0.018439091742038727, 0.007510483264923096, 0.031137719750404358, 0.004477323032915592, -0.015764422714710236, 0.030226092785596848, 0.05003432184457779, 0.03929729387164116, 0.04446136951446533, -0.0308810006827116, 0.06615613400936127, -0.02749563567340374, -0.004949243739247322, -0.01085845846682787, -0.01470622606575489, 0.028567105531692505, -0.02683417871594429, -0.024769950658082962, -0.0003777772362809628, -0.098617322742939, -0.004136694595217705, -0.0023115258663892746, 0.03400567173957825, 0.006480090785771608, -0.0441972054541111, -0.043777137994766235, 0.024759816005825996, 0.014841429889202118, 0.038847919553518295, 0.2498144507408142, 0.025944573804736137, -0.010349376127123833, 0.028183991089463234, 0.007592718116939068, -0.017855998128652573, 0.02383412979543209, 0.05355488881468773, 0.012298528105020523, -0.013322400860488415, 0.008899952284991741, -0.01766270026564598, -0.01868564635515213, 0.029973844066262245, -0.02594893053174019, 0.025119347497820854, -0.08029282838106155, 0.028717637062072754, 0.026654690504074097, -0.02943810634315014, -0.028615958988666534, -0.025556929409503937, 0.044484399259090424, 0.02900223433971405, -0.08083076030015945, -0.057757388800382614, -0.030972642824053764, 0.006149315740913153, 0.0267464779317379, 0.015914496034383774, -0.039450932294130325, 0.01065644808113575, 0.048268381506204605, -0.014258072711527348, -0.052809055894613266, 0.018687602132558823, 0.060265686362981796, -0.020037760958075523, -0.01294852513819933, 0.002130468375980854, -0.021429842337965965, 0.0004817742155864835, -0.03858464956283569, 0.025046352297067642, -0.055347561836242676, -0.0393432155251503, -0.0062435343861579895, -0.002643197774887085, -0.025955887511372566, -0.02692418359220028, -0.004419385455548763, -0.06981813162565231, -0.018173685297369957, 0.012539077550172806, 0.024978825822472572, -0.00930802896618843, -0.013190706260502338, -0.007900277152657509, -0.017709465697407722, -0.001067251549102366, 0.03659322112798691, 0.0015489259967580438, -0.07227692008018494, -0.033834055066108704, 0.0061347512528300285, -0.006773100234568119, -0.019218795001506805, -0.009109375067055225, 0.055956847965717316, 0.0517231747508049, 0.01463334821164608, -0.006579726934432983, 0.010792447254061699, -0.0018121885368600488, -0.0032712959218770266, -0.02715803124010563, 0.009337027557194233, 0.057345449924468994, -0.027362991124391556, 0.042319077998399734, -0.015068430453538895, 0.014530346728861332, -0.028130650520324707, 0.03747193515300751, -0.006669665686786175, -0.02178807742893696, 0.015603452920913696, 0.06378531455993652, -0.03675378859043121, -0.01895497366786003, -0.0031189974397420883, 0.006457337643951178, -0.028812628239393234, 0.0260662492364645, -0.003483867272734642, 0.03790781646966934, -0.0019328489433974028, -0.04936542734503746, -0.01903972215950489, 0.04090199992060661, -0.016422556713223457, 0.004619014449417591, -0.018466824665665627, -0.018770314753055573, -0.004264228045940399, -0.08619633316993713, -0.013433647342026234, -0.03769915923476219, 0.02289692498743534, 0.011292308568954468, -0.08736547827720642, 0.007026364095509052, -0.0028450351674109697, -0.03429026156663895, 0.015223631635308266, 0.017283741384744644, 0.02678566239774227, 0.021319355815649033, 0.032684631645679474, 0.005858485586941242, -0.011039961129426956, 0.0007236279197968543, -0.028133196756243706, 4.735738912131637e-05, -0.0034818672575056553, -0.05602963641285896, -0.012726958841085434, 0.07539026439189911, 0.014947379007935524, 0.029409008100628853, 0.060819875448942184, -0.014483287930488586, 0.051460761576890945, 0.029413240030407906, 0.000611503142863512, -0.0012281095841899514, 0.03407488018274307, 0.00916601438075304, 0.009334919974207878, 0.012798801064491272, -0.03333824872970581, 0.03604951128363609, -0.03491076081991196, -0.0003050861996598542, 0.029753925278782845, 0.048860516399145126, 0.01902422308921814, -0.009370299056172371, 0.01547515019774437, 0.024969449266791344, 0.00525409821420908, 0.04612403362989426, 0.0184575617313385, -0.005353429354727268, -0.027032654732465744, -0.0589151456952095, -0.027568677440285683, 0.017826078459620476, -0.0012474771356210113, -0.030989503487944603, -0.026240149512887, 0.0022935084998607635, -0.003569066757336259, 0.08493119478225708, -0.0268601942807436, 0.025600668042898178, -0.029648447409272194, 0.042241860181093216, -0.018065940588712692, -0.006727259140461683, 0.01613050512969494, -0.012508531101047993, -0.05772124603390694, 0.01468992792069912, -0.008928627707064152, -0.031092286109924316, -0.07714848220348358, -0.01229603961110115, -0.040710970759391785, -0.029521161690354347, 0.009471263736486435, -0.012729435227811337, -0.02554008923470974, -0.04132591560482979, 0.018622875213623047, 0.003112354315817356, 0.003921887371689081, -0.012746489606797695, -0.005026525352150202, -0.00815018080174923, -0.01745549589395523, 0.0962282344698906, 0.037231940776109695, -0.013404016382992268, 0.01807521842420101, 0.04213466867804527, 0.07877813279628754, 0.02131965197622776, 0.009674123488366604, 0.01572461426258087, 0.002935822354629636, -0.019204650074243546, 0.017181850969791412, -0.05961104854941368, 0.0035707743372768164, 0.015897683799266815, -0.04796846956014633, -0.005145079921931028, -0.0009959230665117502, 0.039150021970272064, -0.005295564886182547, 0.013610463589429855, -0.05743039771914482, -0.05559937655925751, 0.057125795632600784, -0.010305127128958702, 0.041674572974443436, 0.038589946925640106, 0.0073604765348136425, -0.024186614900827408, -0.017097875475883484, 0.025440171360969543, 0.015439296141266823, -0.028616849333047867, 0.015612584538757801, -0.047064028680324554, 0.0025463534984737635, -0.06516680121421814, -0.0053133275359869, 0.008199499920010567, -0.0017423212993890047, -0.007460266817361116, 0.006625970359891653, -0.019505422562360764, -0.028232460841536522, -0.016158103942871094, 0.026987429708242416, 0.012581619434058666, -0.00803273543715477, -0.00554830115288496, -0.035269949585199356, 0.015431632287800312, 0.03780212625861168, 0.04099652171134949, 0.013800598680973053, 0.012113936245441437, -0.038238149136304855, -0.015741264447569847, -0.021613281220197678, 0.012543623335659504, -0.016196943819522858, -0.039157167077064514, 0.013300012797117233, -0.01907353103160858, 0.003975507337599993, 0.01959904469549656, -0.024916023015975952, -0.05107807368040085, -0.018958160653710365, 0.0010243315482512116, -0.02592191845178604, 0.027473188936710358, -0.0009690652368590236, 0.021962670609354973, 0.018975216895341873, -0.007761876564472914, 0.026019683107733727, -0.02342093363404274, 0.006526348181068897, -0.08311675488948822, -0.03201691433787346, 0.004530720878392458, -0.01598321460187435, -0.01674606278538704, 0.009518865495920181, -0.0069394102320075035, -0.047376599162817, -0.003847144078463316, 0.01770315319299698, -0.016984913498163223, -0.043183572590351105, -0.009065297432243824, 0.038598377257585526, 0.05027111619710922, 0.0016861319309100509, 0.039541974663734436, 0.06318490952253342, -0.026316232979297638, -0.012223022989928722, -0.02309309132397175, 0.027214592322707176, 0.03972542658448219, -0.039700817316770554, 0.03287437930703163, 0.0243191197514534, -0.02591431513428688, 0.0009247512789443135, 0.026923969388008118, -0.025748055428266525, -0.017360245808959007, -0.025676501914858818, 0.0009659850038588047, -0.008515969850122929, -0.009927202016115189, -0.0323743112385273, 0.02288207970559597, -0.030348172411322594, -0.007274409290403128, -0.03295498341321945, -0.015724599361419678, -0.015897348523139954, -0.016088495030999184, 0.008753005415201187, 0.004805742297321558, 0.04633128270506859, -0.026215560734272003, 0.042507462203502655, 0.017194991931319237, -0.005369971040636301, -0.015203270129859447, 0.018218396231532097, 0.007963479496538639, 0.03894408792257309, -0.009068045765161514, -0.0334881953895092, -0.013871917501091957, -0.0028204885311424732, 0.006755078211426735, -0.02927291765809059, 0.006401903927326202, -0.010496717877686024, -0.018154675140976906, -0.006354642566293478, -0.013431367464363575, 0.0034704587887972593, -0.013075415045022964, 0.01887800171971321, -0.015518643893301487, 0.046933792531490326, 0.006802540738135576, -0.011920735239982605, -0.009777246974408627, 0.03368692100048065, -0.017338093370199203, 0.020557144656777382, -0.04080849513411522, 0.0006107951048761606, -0.05104805529117584, -0.048709020018577576, 0.0003967037773691118, 0.01694559119641781, 0.04177037626504898, -0.030647212639451027, -0.01315594743937254, 0.006931693758815527, -0.07746287435293198, -0.024841686710715294, -0.001918722060509026, 0.012846416793763638, 0.009988120757043362, -0.022006656974554062, 0.07719738036394119, -0.00534448167309165, -0.00411120243370533, 0.013898050412535667, -0.016173310577869415, 0.02971971407532692, -0.0012867249315604568, -0.006918531376868486, -0.0036216313019394875, -0.0034448313526809216, 0.009420976042747498, 0.001633519888855517, 0.03988375887274742, -0.0007076876354403794, 0.05746820569038391, -0.025947289541363716, 0.00916909147053957, 0.025339316576719284, 0.03420182317495346, -0.03602508082985878, -0.003715136554092169, -0.02133342996239662, -0.027757393196225166, -0.02379092015326023, -0.004386287648230791, 0.006995415315032005, -0.011916402727365494, -0.020086247473955154, 0.012193859554827213, -0.026861900463700294, -0.02324465848505497, -0.018574940040707588, 0.04665307328104973, -0.14739280939102173, 0.003948621451854706, -0.012472225353121758, 0.036855313926935196, -0.047178715467453, -0.013789757154881954, 0.003285649698227644, -0.0350910946726799, 0.021604876965284348, 0.009334340691566467, -0.044838547706604004, 0.005046466365456581, -0.01656138151884079, -0.027751421555876732, 0.004343654494732618, 0.024721955880522728, 0.010187087580561638, 0.0027454947121441364, -0.006535389926284552, 0.010049067437648773, 0.005579192657023668, -0.019789353013038635, 0.04301367700099945, -0.03350793570280075, -0.004893515724688768, 0.007828385569155216, -0.02459976077079773, 0.024300245568156242, 0.00814006570726633, -0.020436469465494156, -0.02195080555975437, -0.033572014421224594, 0.03232213854789734, 0.06789334118366241, 0.015796231105923653, -0.03219353035092354, -0.002491369377821684, -0.029822079464793205, 0.0017921137623488903, -0.017974255606532097, -0.042284511029720306, 0.012273506261408329, -0.043208200484514236, 0.004721636418253183, -0.00980780366808176, 0.07525766640901566, 0.029075754806399345, -0.036316245794296265, -0.03911111131310463, -0.0028725501615554094, -0.027300884947180748, 0.05179588869214058, -0.019518299028277397, 0.009877451695501804, 0.05630394071340561, -0.02241615764796734, -0.0550507977604866, -0.012161361053586006, -0.016916194930672646, -0.0032430742867290974, -0.01671094261109829, 0.043267227709293365, -0.037075500935316086, -0.026718391105532646, 0.01824532262980938, -0.001540672848932445, -0.06529869884252548, 0.03365158662199974, -0.03302779421210289, -0.0005885871360078454, -0.009565063752233982, -0.0019205135758966208, -0.02167867310345173, -0.03627900406718254, 0.021230408921837807, 0.027024781331419945, 0.016048984602093697, -0.03925628215074539, -0.03471171110868454, -0.03345077484846115, 0.012452797964215279, -0.015554088167846203, -0.026351211592555046, 0.056707270443439484, 0.056293949484825134, 0.007835994474589825, 0.00469572888687253, 0.013885938562452793, -0.060819461941719055, -0.028577538207173347, -0.03421830013394356, -0.027618486434221268, -0.02991323359310627, 0.016356956213712692, 0.0034266794100403786, 0.022819001227617264, -0.009798120707273483, -0.021081840619444847, -0.0067997947335243225, 0.0035103445407003164, -0.035320013761520386, -0.038911834359169006, 0.011272400617599487, -0.011852244846522808, -0.030948041006922722, -0.0007498547784052789, 0.07827592641115189, -0.005741783883422613, -0.007008234038949013, 0.0019185129785910249, -0.03803088515996933, -0.0035674774553626776, -0.019070478156208992, 0.007397504057735205, -0.0539533868432045, -0.009758668951690197, 0.07580609619617462, -0.021612102165818214, 0.001976502826437354, -0.03358447551727295, 0.03793104737997055, 0.021084796637296677, -0.015720302239060402, -0.034557342529296875, 0.03097546473145485, 0.009422742761671543, 0.003892377484589815, 0.012527084909379482, 0.009429886005818844, -0.01406407356262207, 0.005819314159452915, -0.0313362181186676, -0.024779293686151505, 0.015299738384783268, 0.037276506423950195, 0.017687838524580002, -0.030215313658118248, 0.06038182973861694, -0.026921972632408142, -0.07742872089147568, -0.008077191188931465, -0.021924884989857674, 0.02712116204202175, -0.046359676867723465, 0.016585681587457657, 0.01269557885825634, 0.016347069293260574, 0.006991855334490538, 0.026884131133556366, -0.03506457805633545, -0.03221110627055168, 0.027118749916553497, 0.009979791007936, 0.07220487296581268, -0.008901340886950493, 0.0013898649485781789, 0.0028910129331052303, 0.02503647841513157, -0.03325262665748596, -0.006759177893400192, 0.0265185609459877, -0.048854537308216095, 0.02516976371407509, -0.01721467822790146, 0.007964933291077614, 0.043614912778139114, -0.022807369008660316, -0.019072245806455612, -0.014059244655072689, 0.010541724041104317, -0.0005891274777241051, 0.0595586821436882, -0.030509483069181442, -0.00032384044607169926, 0.04922294244170189, -0.03281228989362717, 0.0050345961935818195, 0.025971001014113426, 0.028824904933571815, -0.033525679260492325, 0.009283360093832016, 0.01186895091086626, 0.020962867885828018, 0.04814286530017853, -0.017972346395254135, -0.0021261649671941996, 0.037836745381355286, 0.012798691168427467, 0.011848768219351768, 0.030848558992147446, 0.032090310007333755, 0.022692833095788956, -0.009978764690458775, -0.037956058979034424, 0.03915045037865639, 0.009791289456188679, 0.010821876116096973, -0.009543143212795258, -0.0018172716954723, 0.04535606876015663, 0.025635825470089912, -0.012320736423134804, 0.01766451634466648, -0.02932395227253437, -0.033879417926073074, -0.0030518649145960808, -0.036686815321445465, 0.013421719893813133, 0.013056708499789238, 0.013850395567715168, 0.01734253391623497, 0.012596964836120605, -0.018221087753772736, 0.023535266518592834, -0.024563776329159737, -0.01843377761542797, 0.031535953283309937, -0.00043653231114149094, -0.014178449288010597, 0.002999847522005439, -0.013690298423171043, -0.000942946644499898, -0.0036889039911329746, -0.0025587882846593857, -0.04934767261147499, -0.019986018538475037, 0.03462648764252663, 0.01245705597102642, -0.03338604047894478, -0.005000769160687923, 0.012774952687323093, -0.004041567444801331, 0.021764792501926422, 0.03465687111020088, 0.00041665323078632355, -0.016297882422804832, 0.08130668848752975, 0.03722739219665527, -0.021070420742034912, 0.005571948830038309, -0.0032420926727354527, -0.01163019984960556, -0.020174000412225723, 0.006379382684826851]",,
15_1_0_errors_deprecated_target_config_mdx_section_3,section,15_1_0_errors_deprecated_target_config_mdx,Deprecated target config - Useful Links,,{},15.1.0,"[/docs/pages/api-reference/config/next-config-js/output](/docs/pages/api-reference/config/next-config-js/output)
",,"[(np.int64(262), np.float64(0.09042707830667496)), (np.int64(297), np.float64(0.021026328206062317)), (np.int64(4460), np.float64(0.13081094622612)), (np.int64(4692), np.float64(0.14033545553684235)), (np.int64(7844), np.float64(0.06432333588600159)), (np.int64(30388), np.float64(0.3033909499645233)), (np.int64(36836), np.float64(0.13153788447380066)), (np.int64(57890), np.float64(0.20048540830612183)), (np.int64(153837), np.float64(0.24398937821388245))]","[-0.051553525030612946, 0.0008508990867994726, -0.04188700392842293, 0.03676683455705643, -0.04730081185698509, -0.002513766521587968, 0.012140409089624882, 0.033848121762275696, -0.006878886837512255, 0.003319757292047143, -0.0053226831369102, 0.009585308842360973, 0.03430617228150368, 0.028398051857948303, 0.007518271449953318, -0.0002829527948051691, -0.0054715597070753574, 0.022636059671640396, 0.013781774789094925, -0.006363156717270613, -0.012783713638782501, 0.03244930878281593, 0.026351241394877434, 0.019943121820688248, -0.03550959378480911, -0.01268661767244339, -0.0062751988880336285, -0.050611551851034164, 0.030585547909140587, 0.016437310725450516, 0.04001034051179886, -0.019657455384731293, -0.0037993837613612413, 0.014064005576074123, -0.0018364256247878075, -0.024983149021863937, -0.023458922281861305, -0.04096126928925514, -0.06456658989191055, 0.05176443234086037, -0.007980584166944027, 0.0002879402309190482, -0.012871705926954746, -0.04523952305316925, 0.050214990973472595, -0.0011805727845057845, 0.012180380523204803, -0.010375271551311016, -0.01688588596880436, -0.005179907660931349, -0.006396315060555935, 0.003209006041288376, 0.019593650475144386, -0.033664852380752563, -0.008200151845812798, 0.034534912556409836, -0.016178729012608528, -0.02565321885049343, -0.029799342155456543, 0.021255051717162132, -0.030538752675056458, -0.020500265061855316, -0.031370099633932114, 0.018034793436527252, -0.00342147471383214, 0.03346024081110954, 0.027726102620363235, -0.021835504099726677, -0.030166441574692726, -0.020407147705554962, -0.00369163416326046, 0.021478714421391487, -0.05896060913801193, -0.04779035225510597, -0.04868545010685921, 0.02653164230287075, 0.048848412930965424, -0.03997163474559784, 0.028564726933836937, 0.0060178861021995544, 0.007158531341701746, -0.030673887580633163, 0.028340943157672882, -0.013926184736192226, -0.0005301116616465151, -0.004953695926815271, -0.0444314070045948, 0.0021273388992995024, 0.04099711775779724, 0.05323757231235504, -0.013094206340610981, -0.04186287894845009, 0.047512270510196686, -0.049090027809143066, 0.007354413159191608, -0.019821664318442345, -0.025317173451185226, 0.014854545705020428, 0.048752568662166595, -0.0003655256296042353, 0.014685378409922123, -0.014836176298558712, 0.003931290004402399, -0.02346411906182766, 0.00999966636300087, -0.0019734289962798357, 0.013776003383100033, -0.00915609486401081, 0.028705110773444176, -0.020314164459705353, 0.020611530169844627, 0.004845122341066599, 0.021511875092983246, 0.03371252119541168, 0.009523667395114899, -0.05700822174549103, -0.023366274312138557, -0.03288155794143677, 0.014755613170564175, 0.015047546476125717, 0.02876868098974228, 0.004387549590319395, 0.014821193180978298, -0.026091821491718292, 0.06885655224323273, 0.022525431588292122, 0.008797886781394482, 0.06542672216892242, -0.0032162077259272337, 0.02845628187060356, 0.005235295742750168, 0.013769260607659817, -0.02038833685219288, 0.00998508557677269, 0.005183675792068243, 0.025301441550254822, -0.0011173380771651864, 0.000330588809447363, 0.03174068406224251, -0.06624796986579895, -4.2421219404786825e-05, 0.003586199600249529, 0.02223184145987034, -0.01609133556485176, 0.026029981672763824, -0.03729477897286415, 0.08662799745798111, 0.02184169739484787, -0.004616394639015198, -0.04150838032364845, -0.017663681879639626, 0.018819313496351242, 0.03568485379219055, 0.01022807601839304, 0.018883071839809418, 0.013001484796404839, -0.0012517275754362345, -0.0019419111777096987, 0.021599171683192253, -0.00032035974436439574, -0.06899269670248032, 0.005321407690644264, -0.02641916647553444, -0.0009096136200241745, 0.03913496807217598, -0.03122868947684765, -0.0031827078200876713, 0.0027353933546692133, -0.04810716211795807, -0.06130441278219223, 0.02983190305531025, 0.01319027692079544, -0.0030454564839601517, 0.0025051699485629797, 0.004686745349317789, 0.03467007353901863, 0.07654890418052673, 0.021881546825170517, 0.021087605506181717, -0.008204557001590729, -0.06945405155420303, 0.05275730416178703, 0.018306471407413483, 0.004712705500423908, -0.014782976359128952, 0.014460224658250809, -0.00022747206094209105, -0.00042385648703202605, -0.00907802302390337, 0.019897542893886566, -0.022972693666815758, -0.004951117560267448, 0.03949471190571785, -0.0139980623498559, 0.02699698507785797, 0.003119445638731122, 0.030794087797403336, 0.023168930783867836, -0.018942952156066895, -0.033036746084690094, 0.0009944355115294456, 0.01891843043267727, 0.029622895643115044, -0.003692864440381527, -0.005453793331980705, -0.035892561078071594, 0.030640898272395134, -0.053106293082237244, 0.0020353198051452637, -0.0020905195269733667, -0.044505130499601364, 0.011275680735707283, -0.00812255684286356, 0.0009452507947571576, -0.06730498373508453, 0.00657793739810586, 0.017055805772542953, -0.005796922370791435, 0.010341588407754898, -0.03445044159889221, -0.02615133300423622, 0.03595879301428795, -0.006855648942291737, 0.034764617681503296, 0.01142478734254837, 0.03582453727722168, 0.03727659955620766, 0.02081330306828022, -0.006682814564555883, -0.001932031475007534, 0.008926482871174812, -0.02267133817076683, 0.05755022540688515, -0.01924152858555317, 0.046925246715545654, -0.026562431827187538, 0.012029989622533321, -0.011354485526680946, 0.011566412635147572, -0.018401894718408585, 0.025320006534457207, -0.007534845266491175, -0.014657909981906414, 0.021919744089245796, -0.02313086949288845, -0.02745373733341694, 0.010177134536206722, 0.030594032257795334, -0.020486539229750633, -0.0276896134018898, -0.0002776139881461859, -0.011311966925859451, -0.030344007536768913, 0.02179536037147045, 0.020672516897320747, -0.0016751752700656652, -0.008811727166175842, -0.0023752166889607906, -0.009937438182532787, -0.023716630414128304, -0.003973530605435371, 0.016233136877417564, -0.0074852146208286285, 0.019344530999660492, -0.01808052323758602, -0.019213905557990074, -0.03518027812242508, 0.025298019871115685, -0.013585926964879036, 0.02810034714639187, -0.03465050458908081, 0.015304263681173325, 0.02078830637037754, -0.0002040285908151418, 0.012558450922369957, 0.031189151108264923, -0.030697911977767944, -0.020673150196671486, 0.07476149499416351, 0.009493222460150719, -0.019540561363101006, 0.028667539358139038, 0.01893116720020771, 0.00928095355629921, 0.05818022042512894, -0.04593143239617348, -0.03903742879629135, -0.002199386013671756, 0.009682688862085342, 0.004219989292323589, -0.057235654443502426, -0.0052232276648283005, 0.06681833416223526, -0.03176086023449898, 0.010745357722043991, -0.006167304236441851, -0.005445997230708599, -0.1452448070049286, 0.009586459957063198, 0.028182687237858772, 0.009210732765495777, -0.0015709017170593143, 0.04142154008150101, -0.016535677015781403, -0.00019466469530016184, 0.0007226510206237435, -0.01616208255290985, -0.002346799708902836, -0.05838321894407272, 0.006908782292157412, -0.03539317846298218, -0.02130439504981041, 0.04696759209036827, -0.009835261851549149, -0.027250928804278374, -0.018268484622240067, -0.04877917096018791, -0.012139287777245045, -0.007722665090113878, 0.01617332175374031, 0.004999375436455011, -0.019142115488648415, -0.006958507467061281, 0.035776589065790176, -0.05287337303161621, -0.035545554012060165, 0.04175296425819397, -0.031159179285168648, -0.035338036715984344, -0.013301515020430088, 0.018514983355998993, 0.007915237918496132, 0.013988940976560116, 0.013558940961956978, -0.0055404850281775, -0.004240885842591524, -0.014912212267518044, 0.0032510925084352493, 0.01800510659813881, -0.02477080374956131, 0.01778980903327465, 0.028916459530591965, -0.03369307518005371, -0.008947113528847694, -0.02395116351544857, -0.0018077746499329805, -0.030605843290686607, 0.028724761679768562, -0.04201652482151985, 0.004772343207150698, 0.019112806767225266, -0.04835893586277962, 0.018818937242031097, -0.009330740198493004, 0.031930651515722275, -0.027558183297514915, 0.01691662147641182, -0.019446512684226036, -0.03590521216392517, 0.030953379347920418, -0.006289068143814802, -0.056979287415742874, 0.025173794478178024, 0.05926481634378433, 0.0017906995490193367, 0.01856663078069687, -0.004626736976206303, 0.022548096254467964, -0.030491197481751442, 0.033839814364910126, 0.00918490719050169, -0.02658216282725334, 0.01756756380200386, -0.007333500310778618, -0.03537106141448021, 0.029280412942171097, -0.11963270604610443, 0.005658137612044811, 0.0241292305290699, 0.013592980802059174, 0.023661429062485695, -0.0397179052233696, -0.012821687385439873, -0.02064625546336174, -0.04080938920378685, 0.01954381726682186, 0.2537199556827545, 0.05299891531467438, -0.010315700434148312, 0.031052246689796448, 0.03395923599600792, -0.018190376460552216, -0.0007785938214510679, 0.027001313865184784, 0.03675619885325432, -0.03844781592488289, -0.009193728677928448, -0.025156261399388313, 0.00018427659233566374, -0.020527683198451996, 0.006040637847036123, 0.026555180549621582, -0.07756470143795013, 0.05038854107260704, 0.05990868806838989, -0.03253557160496712, 0.02983703278005123, -0.01981876790523529, 0.025794241577386856, 0.019279707223176956, -0.1142469272017479, -0.0532781183719635, 0.015744095668196678, 0.0032029033172875643, 0.0034514362923800945, 0.06258010864257812, -0.01868230290710926, 0.047039713710546494, 0.03393346443772316, -0.029198765754699707, -0.04144784435629845, -0.0074670761823654175, 0.036760251969099045, -0.038240496069192886, 0.02178758755326271, 0.002607811475172639, -0.017889903858304024, -0.00747325224801898, 0.008584795519709587, 0.02056683972477913, -0.041245441883802414, -0.07136864215135574, -0.0197281651198864, -0.027511615306138992, -0.025748055428266525, -0.05317118763923645, -0.006847941316664219, -0.04420746862888336, -0.02348025143146515, -0.008015323430299759, 0.020267855376005173, -0.02720033749938011, 0.01719813235104084, 0.026576392352581024, 0.006276743486523628, 0.02323438599705696, -0.014920535497367382, 0.011521460488438606, -0.023872923105955124, 0.019272398203611374, -0.028661878779530525, 0.012396883219480515, 0.027286844328045845, -0.03700130432844162, 0.0425788052380085, 0.046422407031059265, -0.029843179509043694, 0.046249374747276306, 0.021337134763598442, -0.017439011484384537, -0.008556284941732883, -0.05116357281804085, 0.026124222204089165, 0.05687004700303078, -0.022109130397439003, 0.029148079454898834, -0.01180688850581646, 0.011665549129247665, -0.039868853986263275, 0.044763218611478806, 0.02445627748966217, -0.030485091730952263, 0.029598578810691833, 0.029535813257098198, -0.03722750023007393, -0.009575724601745605, 0.013120971620082855, 0.010839840397238731, -0.0019013402052223682, 0.06207551434636116, -0.0204255823045969, -0.008496181108057499, -0.014414428733289242, -0.0027204372454434633, -0.004872465971857309, 0.027956269681453705, -0.005082602147012949, 0.010906101204454899, -0.011621045880019665, -0.026018256321549416, 0.048105739057064056, -0.02656947448849678, 0.0033328409772366285, -0.007447539828717709, 0.015775153413414955, 0.020087115466594696, -0.007579537574201822, 0.013854151591658592, 0.00825460720807314, -0.06239219754934311, -0.022453229874372482, 0.03480152785778046, 0.04933909699320793, 0.01385312620550394, 0.01592968963086605, 0.05554649978876114, 0.0013815101701766253, 0.0016024877550080419, 0.00950924213975668, -0.008763614110648632, -0.001124254777096212, -0.061274923384189606, -0.003694547340273857, -0.0012291367165744305, -0.044395867735147476, -0.005768153350800276, 0.010236059315502644, -0.023050550371408463, -0.022896260023117065, 0.03950554504990578, -0.00025086154346354306, -0.017254741862416267, 0.035650692880153656, 0.044358350336551666, 0.007412513252347708, 0.037258703261613846, -0.015332049690186977, -0.03163152560591698, 0.018950100988149643, -0.0032657941337674856, 0.045117028057575226, 0.005768212955445051, 0.010811836458742619, -0.019625479355454445, 0.04360619932413101, 0.02256200648844242, 0.053340569138526917, 0.06563451886177063, 0.025190865620970726, -0.05400044843554497, -0.0022296260576695204, -0.07706587761640549, 0.013914589770138264, 0.012181083671748638, -0.007896432653069496, 0.0012593126157298684, -0.010895551182329655, 0.02754930965602398, 0.02002900280058384, 0.022291434928774834, -0.016228817403316498, 0.03242640197277069, -0.00860982108861208, 0.006917627993971109, 0.02366836741566658, -0.023955408483743668, -0.00046506625949405134, -0.04721228405833244, -0.07592426240444183, 0.01692771166563034, -0.015122028067708015, -0.03164408728480339, -0.06036080792546272, -0.005467749200761318, 0.011056402698159218, -0.03876762092113495, 0.0021651971619576216, 0.018085451796650887, -0.023295579478144646, -0.01405318547040224, 0.043197184801101685, -0.00809906329959631, -0.008012182079255581, -0.02858990803360939, 0.04060112312436104, -0.03742824122309685, -0.024991262704133987, 0.1396579146385193, -0.0032325759530067444, -0.018107982352375984, 0.0475819930434227, 0.0009273677715100348, 0.027247648686170578, 0.0875634253025055, 0.005039879586547613, 0.021763289347290993, 0.02830413356423378, 0.006002110429108143, -0.0029807232785969973, 0.005274020601063967, -0.030375486239790916, -0.01780746877193451, -0.035542212426662445, -0.01001626905053854, -0.004622582346200943, 0.0015389923937618732, -0.006361957639455795, 0.02256070449948311, -0.02483115904033184, -0.020961355417966843, 0.0353059321641922, -0.025097161531448364, 0.09008870273828506, 0.04522498697042465, 0.02387889102101326, 0.006247122306376696, -0.0431746244430542, -0.020495712757110596, -0.008403083309531212, -0.018295250833034515, -0.018856534734368324, 0.02075587958097458, 0.010452774353325367, -0.0212387777864933, 0.02804994396865368, -0.004083709791302681, -0.011346757411956787, 0.006650629453361034, 0.028312241658568382, -0.041383158415555954, -0.010188878513872623, 0.004189618863165379, 0.012878714129328728, 0.029486721381545067, -0.014851066283881664, -0.0030399197712540627, -0.021411964669823647, -0.05008633807301521, 0.03144323453307152, 0.023550570011138916, 0.025183184072375298, 0.017690937966108322, -0.023685552179813385, -0.03304054215550423, 0.04276149347424507, -0.009208030067384243, -0.028556089848279953, -0.015190348029136658, 0.02372284233570099, -0.03722085803747177, 0.018501097336411476, -0.026948917657136917, 0.008992769755423069, 0.031546544283628464, -0.009162637405097485, -0.007848706096410751, -0.0008677553269080818, 0.03979646414518356, -0.011032527312636375, -0.0026384578086435795, 0.000636903801932931, -0.03468354418873787, 0.06223843991756439, -0.05955022573471069, -0.040515001863241196, -0.028031952679157257, -0.04709414392709732, -0.011574779637157917, -0.0057907262817025185, 0.01984184980392456, 0.0433233380317688, -0.0038246416952461004, -0.0214835274964571, -0.014332398772239685, 0.023587290197610855, -0.03914513811469078, -0.05228421092033386, -0.019031208008527756, 0.014895492233335972, 0.010683824308216572, 0.0026214790996164083, 0.03128260001540184, 0.0789443701505661, 0.026814311742782593, 0.00089980912161991, -0.05851605907082558, -0.007496814243495464, -0.028759311884641647, -0.06103558838367462, -0.026164555922150612, 0.009574251249432564, -0.01732550375163555, -0.01349412091076374, 0.024667581543326378, -0.0031636066269129515, 0.025891169905662537, 0.0034478886518627405, -0.017862506210803986, -0.0006378646939992905, -0.0076837376691401005, -0.052426088601350784, 0.06372100859880447, -0.008565693162381649, -0.01724955439567566, 0.043881360441446304, -0.017331333830952644, -0.016727639362215996, -0.04958618804812431, 0.02736223302781582, 0.06124921515583992, 0.020862702280282974, 0.006578318774700165, 0.06468477100133896, -0.01487650629132986, -0.0003305030695628375, 0.005211114417761564, 0.02121526002883911, -9.384285658597946e-05, -0.031552813947200775, 0.007555307354778051, -0.007926173508167267, -0.020711146295070648, 0.01166680920869112, -0.029797472059726715, -0.018573643639683723, 0.013072599656879902, -0.030746446922421455, 0.0028634117916226387, -0.036827053874731064, -0.013342115096747875, -0.005576880183070898, -0.01817280985414982, 0.023268982768058777, -0.016267888247966766, 0.02693307213485241, 0.00784933753311634, 0.0018718785140663385, -0.05016370862722397, 0.05591029301285744, -0.020102377980947495, -0.025250229984521866, 0.01164601556956768, 0.0050120907835662365, -0.05482267960906029, -0.029136860743165016, -0.016063177958130836, 0.009514004923403263, 0.007586769759654999, -0.01365091372281313, -0.05140116065740585, -0.02860097773373127, 0.021886246278882027, 0.013124712742865086, -0.0014273630222305655, 0.024500465020537376, 0.04272143170237541, -0.03578212112188339, 0.029934505000710487, -0.03847772255539894, 0.0045615555718541145, 0.02090414986014366, 0.0010464794468134642, 0.0028590878937393427, 0.006676794029772282, 0.01771952211856842, 0.006360364146530628, -0.020319268107414246, 0.00021251213911455125, 0.025148842483758926, -0.00038307500653900206, -0.0013331661466509104, 0.005425160750746727, -0.020348429679870605, 0.003590945852920413, 0.021966716274619102, -0.012903998605906963, -0.019949516281485558, -0.015580836683511734, -0.04247424751520157, -0.030002277344465256, -0.025207236409187317, -0.01572343334555626, -0.0027632080018520355, -0.013348668813705444, 0.011502662673592567, 0.03457091376185417, -0.01451332401484251, -0.025612100958824158, -0.018645452335476875, -0.01490052416920662, -0.15389475226402283, 0.006830686703324318, -0.03114132024347782, 0.03418750315904617, -0.031027499586343765, -0.009880279190838337, -0.04136479273438454, -0.0361085869371891, 0.00014187446504365653, -0.006075598765164614, -0.025995692238211632, -0.016689777374267578, -0.002055115532130003, -0.02418847195804119, 0.022064758464694023, 0.035604387521743774, 0.010204902850091457, -0.01299961842596531, -0.009257098659873009, -0.04177159070968628, -0.010820272378623486, -0.007736538536846638, 0.033925674855709076, -0.01205057930201292, -0.023250039666891098, -0.02387034147977829, 0.026068761944770813, 0.030372565612196922, -0.005019378382712603, 0.01458388939499855, -0.022682810202240944, -0.029632272198796272, 0.009125519543886185, 0.0775088295340538, 0.011993196792900562, 0.06234189495444298, 0.005022665485739708, 0.027363277971744537, -0.03266967833042145, 0.010898344218730927, -0.011841942556202412, 0.04028302803635597, -0.016487188637256622, 0.006261587142944336, 0.032754793763160706, 0.04434529319405556, 0.0021256757900118828, -0.010339699685573578, -0.007645749486982822, 0.0058759646490216255, -0.014283362776041031, 0.04649829491972923, 0.01787947677075863, 0.012991868890821934, 0.006740170065313578, -0.003919872920960188, -0.039949093014001846, -0.016206681728363037, -0.013201511465013027, 0.04929938167333603, -0.03240175172686577, 0.022304771468043327, -0.046977099031209946, -0.04238858073949814, -0.00895772036164999, 0.050185684114694595, -0.05977078899741173, 0.04494662955403328, 0.00805803295224905, -0.006848880555480719, -0.04404887557029724, -0.06276233494281769, -0.04710446298122406, -0.002667152089998126, -0.011933867819607258, 0.003772771917283535, 0.0345270149409771, -0.049572572112083435, -0.02813602238893509, 0.003734016325324774, -0.0677637904882431, -0.015338686294853687, -0.02135930396616459, 0.07422174513339996, 0.05073162168264389, 0.052726857364177704, 0.009710360318422318, 0.016216980293393135, -0.041254568845033646, -0.011395001783967018, -0.013530207797884941, -0.024640919640660286, -0.016849840059876442, 0.010789905674755573, -0.007228386588394642, 0.026367515325546265, 0.008353009819984436, 0.004543175920844078, 0.020138975232839584, -0.017867058515548706, -0.016677554696798325, -0.02735660783946514, -0.011275391094386578, -0.004180212505161762, -0.028240732848644257, 0.019494855776429176, 0.03373992443084717, 0.046264585107564926, -0.025801287963986397, -0.03277114778757095, -0.06697820872068405, -0.00647048419341445, -0.054253119975328445, 0.01398003101348877, -0.08877059817314148, -0.00112015544436872, -0.0010792260291054845, 0.015280304476618767, 0.015228851698338985, 0.0038751401007175446, -0.015480909496545792, -0.03914167732000351, -0.005694185383617878, -0.021774502471089363, 0.03192029148340225, -0.022614210844039917, 0.048572707921266556, 0.0572151280939579, -0.03126171976327896, 0.006537383887916803, -0.006510535255074501, -0.056589752435684204, -0.017412882298231125, 0.017495349049568176, 0.024233052507042885, 0.03698361665010452, -0.0490855947136879, 0.05344178527593613, -0.05246632546186447, -0.005007049534469843, -0.0018446586327627301, 0.00810825265944004, 0.029848754405975342, -0.061607539653778076, 0.027122315019369125, -0.02769991010427475, 0.06871520727872849, -0.03934626653790474, -0.013093729503452778, 0.0253228098154068, 0.006409558933228254, 0.015628650784492493, -0.00208741775713861, 0.06186505779623985, -0.03212115913629532, 0.019437363371253014, -0.06021604686975479, 0.02561767026782036, -0.06495959311723709, 0.007865880616009235, -0.018561096861958504, -0.022683199495077133, -0.013121855445206165, -0.019691722467541695, 0.015873314812779427, -0.012102928012609482, -0.0035717678256332874, 0.029878675937652588, -0.02691037766635418, 0.03133290261030197, 0.0004133322217967361, 0.009840802289545536, -0.027692437171936035, -0.026280300691723824, 0.054451778531074524, 0.00203935569152236, 0.04128965362906456, -0.038254547864198685, 0.04257778823375702, 0.004552346188575029, 0.0339895598590374, -0.025396497920155525, 0.05492899566888809, 0.0021591002587229013, -0.02339995838701725, -0.014365394599735737, 0.010885425843298435, -0.01794019341468811, 0.0052354056388139725, -0.0030890973284840584, -0.036918383091688156, -0.032331861555576324, 0.02164081670343876, -0.011387086473405361, 0.005574170965701342, -0.03429647535085678, 0.013711349107325077, -0.023910723626613617, 0.013560792431235313, 0.05691688135266304, 0.006022673100233078, 0.028740765526890755, 0.025908755138516426, -0.027234414592385292, -0.0014016253408044577, -0.027262471616268158, -0.006036181002855301, 0.007555903401225805, 0.011815709061920643, 0.06192620471119881, -0.021980805322527885, -0.02040032483637333, -0.01830032467842102, -0.0013303653104230762, -0.031005654484033585, -0.0337555930018425, 0.017902376130223274, 0.00020000420045107603, 0.01712897978723049, -0.028875287622213364, 0.025491200387477875, 0.02603098191320896, -0.0009082682081498206, -0.020337341353297234, -0.023674463853240013, -0.017216095700860023, -0.03246939554810524, 0.03030424751341343, 0.02815352752804756, -0.013600130565464497, -0.04787568375468254, 0.020533233880996704, -0.010375767946243286, 0.017024705186486244, 0.050571080297231674, 0.011709150858223438, 0.022222626954317093, 0.008918866515159607, -0.02551203966140747, 0.016076862812042236, -0.002665723906829953, 0.018198108300566673, 0.01990077830851078, -0.00908784568309784]",,
15_1_0_errors_doc_crossorigin_deprecated_mdx,document,,`Head` or `NextScript` attribute `crossOrigin` is deprecated,,{'related_links': []},15.1.0,"## Why This Error Occurred

This option has been moved to `next.config.js`.

## Possible Ways to Fix It

Add the config option:

```js filename=""next.config.js""
module.exports = {
  crossOrigin: 'anonymous',
}
```

## Useful Links

- [The issue this was reported in: #5674](https://github.com/vercel/next.js/issues/5674)",,"[(np.int64(8), np.float64(0.15723533928394318)), (np.int64(13), np.float64(0.025086458772420883)), (np.int64(73), np.float64(0.1851147711277008)), (np.int64(83), np.float64(0.06041382998228073)), (np.int64(297), np.float64(0.08655360341072083)), (np.int64(670), np.float64(0.15792231261730194)), (np.int64(707), np.float64(0.057908833026885986)), (np.int64(712), np.float64(0.19313845038414001)), (np.int64(1135), np.float64(0.07719507813453674)), (np.int64(4460), np.float64(0.16853570938110352)), (np.int64(4692), np.float64(0.18363362550735474)), (np.int64(10384), np.float64(0.24202188849449158)), (np.int64(13025), np.float64(0.17908401787281036)), (np.int64(81280), np.float64(0.2103918492794037)), (np.int64(95665), np.float64(0.22025959193706512)), (np.int64(147845), np.float64(0.2888498902320862)), (np.int64(150380), np.float64(0.2395159751176834))]","[-0.02920873463153839, 0.005633188411593437, -0.022403791546821594, 0.044284116476774216, -0.046991344541311264, 0.023420503363013268, 0.015302471816539764, -0.002382613020017743, -0.01673205755650997, -0.010441715829074383, 0.011557034216821194, -0.02120673470199108, 0.015887590125203133, -0.01647031307220459, -0.01403840258717537, -0.045343443751335144, 0.030160987749695778, 0.01132133323699236, -0.006671439856290817, 0.00717086810618639, 0.014652427285909653, 0.007775265257805586, 0.0019112811423838139, -0.0021793879568576813, -0.007668927311897278, 0.022563716396689415, 0.028401803225278854, -0.011588895693421364, 0.003231742884963751, 0.002543411450460553, -0.006700816564261913, -0.003426260780543089, 0.025782331824302673, 0.007108910474926233, -0.008880001492798328, -0.031355634331703186, 0.012813893146812916, 0.014275087974965572, -0.03915778174996376, 0.05533982068300247, 0.010747501626610756, 0.005870313383638859, -0.006840537767857313, -0.0459657646715641, 0.04693805053830147, -0.02500654198229313, 0.011199955828487873, -0.0036655485164374113, -0.011074698530137539, 0.005729910917580128, -0.022630399093031883, -0.014759629964828491, 0.0355079360306263, -0.014043298549950123, 0.06313692033290863, 0.029613932594656944, 0.021581798791885376, -0.03987361863255501, -0.016263457015156746, 0.008508780971169472, -0.007800913881510496, -0.049114424735307693, -0.010696281678974628, 0.011021832935512066, -0.01368924230337143, 0.05537400022149086, 0.011339781805872917, 0.011857539415359497, -0.012234360910952091, -0.026631660759449005, -0.010821022093296051, -0.02115611732006073, -0.0018721545347943902, -0.05901537463068962, -0.05115938186645508, 0.01844915933907032, 0.021028921008110046, -0.013898586854338646, 0.026919540017843246, -0.014433625154197216, 0.041520312428474426, -0.024168210104107857, 0.014479872770607471, -0.007399622816592455, 0.03692463040351868, 0.027850668877363205, -0.047253407537937164, 0.03846334293484688, 0.04975540190935135, 0.018693460151553154, -0.018213627859950066, -0.025749409571290016, 0.032366443425416946, -0.02308322675526142, -0.012897990643978119, 0.011779531836509705, -0.021490462124347687, -0.01726416125893593, 0.04317610710859299, 0.03531106933951378, -0.002518224064260721, -0.01486574299633503, 0.017443828284740448, -0.03729921206831932, 0.003961813170462847, 0.07645518332719803, 0.02202460542321205, 0.0013318181736394763, 0.003987236879765987, -0.021487750113010406, 0.0026038067881017923, -0.010183700360357761, 0.0021196717862039804, -0.010827023535966873, -0.0008405710686929524, -0.05066102743148804, -0.03506166860461235, -0.028709862381219864, -0.006761310156434774, -0.027879079803824425, 0.03254721313714981, 0.02783980406820774, 0.014454543590545654, -0.031181730329990387, 0.0010499965865164995, -0.024486951529979706, 0.0033888958860188723, 0.046386126428842545, -0.02789936773478985, 0.04273122921586037, 0.012652317993342876, -0.016652388498187065, 0.024556029587984085, -0.008617857471108437, -0.032996080815792084, 0.013119532726705074, -0.017166627570986748, -0.0024732656311243773, 0.04065120592713356, -0.051284704357385635, 0.016686618328094482, -0.023415779694914818, 0.032693393528461456, -0.026972107589244843, 0.039603400975465775, -0.03621918708086014, 0.08237893134355545, 0.025378035381436348, 0.035642027854919434, -0.03162279725074768, 0.02723006345331669, -0.010756894946098328, 0.01902140863239765, -0.045019444078207016, 0.026938380673527718, -0.027469433844089508, 0.04086988419294357, -0.02256455272436142, 0.010733393020927906, 0.03850327432155609, -0.040920887142419815, 0.04229233041405678, -0.032517753541469574, -0.028435103595256805, 0.04848914220929146, -0.0020968327298760414, -0.022485222667455673, 0.008792993612587452, -0.024224407970905304, -0.06881126016378403, 0.0005190933006815612, -0.027704663574695587, -0.015619209036231041, -0.04312378913164139, 0.00568552128970623, 0.02669673226773739, 0.05943414941430092, -0.0013835938880220056, -0.007172598037868738, -0.0011731937993317842, -0.012708965688943863, 0.016789482906460762, 0.014424583874642849, -0.002477429574355483, -0.006681495811790228, -0.0327710397541523, 0.010877490043640137, 0.004816873464733362, 0.004561666864901781, 0.018959198147058487, -0.04193447530269623, 0.030307674780488014, 0.012202190235257149, -0.0020560426637530327, 0.027540037408471107, -0.00010259347618557513, -0.009835406206548214, -0.031205378472805023, -0.008365961723029613, -0.03827638924121857, -0.04324870556592941, 0.0021421450655907393, 0.06367998570203781, 0.007379308808594942, -0.019541284069418907, 0.004082662519067526, 0.009933849796652794, -0.03211876377463341, 0.007212113589048386, -0.005292321089655161, -0.03302405774593353, 0.0011067321756854653, -0.0586886964738369, -0.012628184631466866, -0.059330374002456665, 0.008790264837443829, 0.0502939336001873, -0.012486430816352367, -0.011243182234466076, -0.020565053448081017, -0.04022206366062164, 0.014853313565254211, -0.010270976461470127, 0.005205171648412943, 0.02881292812526226, 0.042096078395843506, 0.051227401942014694, -0.016243766993284225, 0.01333993673324585, -0.00910534430295229, -0.0328727625310421, -0.024850182235240936, 0.058566320687532425, 0.014289600774645805, 0.04237229749560356, -0.03780330345034599, -0.052569679915905, -0.022348757833242416, -0.019801203161478043, -0.026020411401987076, 0.02922716550529003, -0.02444271929562092, 0.042229507118463516, -0.0012270326260477304, -0.010938015766441822, -0.011367049999535084, 0.029808087274432182, 0.010950720869004726, -0.0009407960460521281, -0.02003822661936283, 0.026983188465237617, 0.017417259514331818, 0.007233661599457264, 0.017028048634529114, 0.023265255615115166, 0.01302480697631836, -0.029332002624869347, -0.02927619405090809, -0.017936376854777336, -0.025261200964450836, 0.03602294623851776, 0.005125684197992086, -0.010692275129258633, 0.009010366164147854, -0.0028312255162745714, 0.0046071927063167095, -0.04103231430053711, 0.01534147746860981, -0.04761302098631859, -0.021061092615127563, -0.07348400354385376, 0.04075518622994423, 0.012917702086269855, 0.014121179468929768, -0.007521516177803278, 0.024153539910912514, -0.019772257655858994, -0.025395039469003677, 0.0828237310051918, 0.035844530910253525, -0.014656680636107922, 0.032949335873126984, 0.04560854658484459, 0.018941881135106087, 0.025991927832365036, 0.010786530561745167, -0.03201553225517273, -0.009623353369534016, -0.010294374078512192, -0.008466898463666439, -0.007041670847684145, 0.020541632547974586, 0.05496658757328987, -0.018215136602520943, -0.015989910811185837, -0.019853739067912102, 0.01828683912754059, -0.17121382057666779, 0.01072811707854271, 0.06571298837661743, -0.027668902650475502, 0.0031127685215324163, 0.01081437710672617, -0.00035277180722914636, -0.01097652968019247, -0.010879789479076862, 0.026597579941153526, -0.016598423942923546, -0.0529869869351387, -0.00834252405911684, -0.039973385632038116, -0.03657819703221321, 0.03959212824702263, 0.010143036022782326, -0.016937758773565292, 0.013857527635991573, -0.055320266634225845, -0.0026354664005339146, -0.016901889815926552, 0.060030773282051086, 0.015852270647883415, 0.008277769200503826, -0.04540159925818443, 0.05522787570953369, -0.018495645374059677, -0.015007956884801388, 0.023644816130399704, 0.002267024014145136, 0.00028774046222679317, 0.003717881627380848, 0.01470123790204525, 0.017141414806246758, 0.009401251561939716, 0.005473045632243156, 0.014653577469289303, 0.011244661174714565, -0.025199292227625847, 0.027055250480771065, 0.00972454808652401, -0.06122477352619171, -0.0095048937946558, 0.03431493043899536, -0.028253944590687752, 0.03741423413157463, -0.0230722613632679, -0.011522079817950726, 0.009130977094173431, 0.006349924951791763, 0.004851038102060556, -0.04270225018262863, -0.02828623726963997, -0.011932257562875748, 0.0762065052986145, 0.014645449817180634, -0.020921578630805016, -0.05335671827197075, 0.002936720382422209, -0.013362500816583633, -0.02657063491642475, 0.029345957562327385, -0.004028982482850552, -0.04211979731917381, 0.027950920164585114, 0.021520109847187996, -0.03361767530441284, 0.015288998372852802, -0.003161675063893199, 0.016347335651516914, -0.015555248595774174, 0.021220611408352852, 0.03720832243561745, -0.04300489276647568, 0.017884045839309692, 0.011925130151212215, -0.028937874361872673, -0.032068729400634766, -0.1141730472445488, 0.01883072406053543, -0.00743113225325942, -0.018028361722826958, -0.010302052833139896, -0.0479615181684494, -0.03654773160815239, 0.034544918686151505, 0.012576729990541935, 0.05541091412305832, 0.24122697114944458, 0.0857073962688446, -0.03541840240359306, 0.016914092004299164, 0.04731714725494385, -0.03795812651515007, 0.02774796448647976, 0.007805805653333664, 0.054556235671043396, -0.04065511003136635, -0.015252877026796341, 0.05330684036016464, -0.005941118113696575, -0.042138077318668365, -0.00814179889857769, 0.04434344917535782, -0.05584811791777611, 0.0630871132016182, 0.04361778125166893, -0.03924313187599182, -0.006922521628439426, -0.029416296631097794, 0.0450250618159771, 0.02402363531291485, -0.06232310086488724, -0.018393713980913162, -0.014082233421504498, -0.02831423096358776, -0.021494604647159576, 0.04827435314655304, -0.05503805726766586, 0.03616045415401459, 0.07394345104694366, -0.061528246849775314, -0.02045484073460102, 0.004746168851852417, 0.04923240467905998, -0.027939418330788612, 0.008019793778657913, 0.042819105088710785, 0.0005814629839733243, -0.00691006425768137, 0.006258975714445114, 0.04410235956311226, -0.011640062555670738, -0.0661538690328598, -0.012664960697293282, -0.0170611422508955, 0.026223834604024887, 0.0006164709338918328, 0.008203086443245411, -0.032281529158353806, -0.014472655020654202, -0.0124398497864604, 0.007935434579849243, -0.008960104547441006, 0.0062611461617052555, -0.014952030964195728, -0.022884948179125786, 0.025414397940039635, 0.04031169414520264, 0.01374140940606594, -0.038974665105342865, 0.008830674923956394, 0.003366506891325116, 0.0063128480687737465, 0.04086728394031525, -0.05597877502441406, 0.029423289000988007, 0.05758652836084366, -0.009717312641441822, 0.014052439481019974, 0.02849886566400528, -0.020150866359472275, 0.011696457862854004, 0.007424105890095234, 0.04850219190120697, 0.07501648366451263, -0.02340317890048027, 0.024611491709947586, 0.008708818815648556, 0.011872893199324608, -0.04017674922943115, 0.04802549257874489, 0.0029179903212934732, -0.024447301402688026, 0.05536115914583206, 0.07575935870409012, -0.05563776195049286, -0.05651514604687691, -0.00770089915022254, 0.016390353441238403, -0.006054289638996124, 0.07972944527864456, -0.006217128597199917, 0.00966754462569952, -0.0036439253017306328, 0.027438323944807053, -0.00037536470335908234, 0.0338980033993721, -0.03154783323407173, -0.014799172058701515, 0.012503348290920258, -0.05503803491592407, 0.029320059344172478, -0.05534279718995094, -0.004016175866127014, -0.027351737022399902, 0.0018772066105157137, -0.027303267270326614, -0.0608028918504715, 0.010617946274578571, -0.014261097647249699, -0.019548188894987106, 0.012520418502390385, 0.03393276408314705, 0.02157333679497242, 0.005124479997903109, 0.046748604625463486, 0.03229452669620514, 0.009332487359642982, -0.007932125590741634, -0.020456871017813683, 0.0029791712295264006, -0.01779685541987419, -0.04052232950925827, -0.028347400948405266, 0.054356899112463, -0.03713805601000786, 0.002151978202164173, 0.02463936246931553, -0.011829933151602745, -0.025478525087237358, 0.03448215872049332, 0.021083440631628036, 0.035017866641283035, 0.01629946194589138, 0.014735288918018341, -0.02568092755973339, 0.028226787224411964, -0.0028526131063699722, 0.04651253670454025, 0.017641836777329445, -0.0028577379416674376, 0.02452472411096096, 0.0029978498350828886, 0.0405363105237484, -0.01338088046759367, 0.03821326792240143, 0.019450614228844643, 0.019437022507190704, 0.03448988497257233, 0.004172508604824543, -0.04143262654542923, -0.01954178512096405, -0.03098163940012455, -0.00695501733571291, -0.004662295337766409, -0.02803843282163143, -0.017917906865477562, 0.0013012281851843, 0.011415848508477211, 0.03198356181383133, 0.07178852707147598, -0.017089420929551125, -2.8390593797666952e-05, -0.028615619987249374, 0.004835996776819229, 0.029464486986398697, -0.008499625138938427, 0.01704227738082409, -0.030786147341132164, -0.03366148844361305, 0.06059465929865837, 0.014967893250286579, -0.03792308270931244, -0.07988693565130234, -0.04117302596569061, -0.003921795170754194, -0.00716665294021368, 0.01254307385534048, -0.017068395391106606, -0.03742435574531555, -0.02414817176759243, 0.03618729114532471, -0.029358739033341408, -0.013803412206470966, -0.02113686315715313, -3.481458406895399e-05, -0.0369744636118412, 0.00987918209284544, 0.09579721093177795, 0.027017099782824516, 0.018208982422947884, 0.028868896886706352, 0.005703512113541365, 0.04508049041032791, 0.0762677937746048, 0.0160917267203331, 0.008967505767941475, 0.016956249251961708, -0.011655052192509174, -0.00903361663222313, -0.022542251273989677, 0.03412724286317825, -0.008374073542654514, -0.03925078734755516, 0.003548059845343232, -0.0072299521416425705, -0.0022400219459086657, -0.04294424131512642, 0.029409607872366905, -0.06084785982966423, -0.03701350837945938, 0.04796294867992401, -0.0025779278948903084, 0.08742330223321915, 0.014906879514455795, -0.021113768219947815, -0.01798449270427227, -0.044388990849256516, 0.010791357606649399, 0.02235298603773117, -0.03166881948709488, -0.00594096165150404, -0.04102219268679619, -0.019316598773002625, -0.0043533677235245705, 0.0608377531170845, -0.015310430899262428, -0.010234307497739792, 0.04356533661484718, 0.02380300499498844, -0.04124552011489868, 0.015408564358949661, 0.03130592405796051, -0.005057422444224358, 0.022034069523215294, 0.03301243111491203, 0.00256733107380569, 0.012006170116364956, -0.027592860162258148, 0.026448190212249756, -0.000871980853844434, -0.0025574511382728815, 0.02781224623322487, -0.04592644423246384, -0.05172141268849373, 0.03435486927628517, 0.011025236919522285, -0.011914761736989021, -0.006346927024424076, 0.027149232104420662, -0.0038291134405881166, 0.04352642968297005, 0.03241437301039696, -0.002701221965253353, 0.005261178128421307, 0.017358358949422836, 0.014344567432999611, -0.04993993043899536, 0.01996551640331745, 0.00021109291992615908, 0.008586505427956581, -0.008884940296411514, -0.033519867807626724, 0.03009600192308426, -0.038777779787778854, -0.024616042152047157, -0.021253906190395355, -0.018000708892941475, -0.022040698677301407, 0.02384926564991474, 0.030962055549025536, -0.004625710658729076, -0.0005542344297282398, -0.05211007222533226, -0.008975009433925152, 0.02506500482559204, -0.029161570593714714, -0.02242632396519184, -0.02974090352654457, 0.005623459350317717, 0.011918174102902412, 0.022613342851400375, 0.07659077644348145, 0.038671236485242844, 0.02983758971095085, -0.0015374135691672564, -0.05102916434407234, -0.016719628125429153, -0.021880213171243668, -0.06295907497406006, -0.012557649984955788, 0.007579091936349869, -0.017510589212179184, -0.008437891490757465, 0.04919096827507019, -0.012378810904920101, 0.022575365379452705, 0.008189171552658081, 0.005389735568314791, 0.019084759056568146, 0.002843516180291772, -0.0035859541967511177, 0.0017800157656893134, -0.018544241786003113, -0.006498314440250397, 0.003880548756569624, 0.007799391634762287, -0.016479479148983955, -0.03887823596596718, 0.020094508305191994, 0.027484679594635963, 0.008651542477309704, -0.027340823784470558, 0.05888641998171806, -0.019876008853316307, -0.02667921595275402, -0.005220190621912479, -0.0006308024749159813, -0.029990777373313904, -0.018966104835271835, -0.014557959511876106, -0.030837398022413254, 0.005753812380135059, 0.03447344899177551, -0.030363090336322784, -0.00033832111512310803, -0.013555041514337063, -0.0481821671128273, -0.010412104427814484, -0.016527513042092323, -0.020846767351031303, -0.007114941254258156, -0.021632233634591103, -0.03216315805912018, -0.04573536291718483, 0.013643552549183369, -0.0332724004983902, -0.009351886808872223, -0.020308468490839005, 0.07337930053472519, -0.03558534383773804, -0.02442610077559948, -0.0425649993121624, -0.029967838898301125, -0.04437045380473137, -0.04977281391620636, 0.019360043108463287, -0.0059949494898319244, 0.05252659693360329, -0.004318566061556339, -0.0332770049571991, 0.008715038187801838, 0.03915993869304657, 0.003629655810073018, 0.01256523746997118, -0.03195742145180702, 0.03595659136772156, -0.022241542115807533, 0.04103560745716095, -0.007954037748277187, -0.016848023980855942, 0.014666762202978134, -0.008120534010231495, -0.0009342851699329913, 0.026091545820236206, 0.0014086192240938544, 0.0001809076638892293, 0.01490357518196106, 0.0016957783373072743, 0.024714726954698563, 0.027346797287464142, 0.01879139058291912, 0.04954022541642189, -0.03146900609135628, 0.01908358745276928, 0.029249215498566628, -0.00787041150033474, -0.014861475676298141, -0.02400115877389908, -0.02446473389863968, -0.026242205873131752, -0.007148951757699251, 0.00762650603428483, 0.014659297652542591, -0.016513340175151825, -0.013702981173992157, 0.005495196674019098, 0.02063899300992489, 0.03637770190834999, -0.04893014207482338, -0.009044528007507324, -0.14700156450271606, -0.007799712009727955, -0.01274801418185234, 0.010439054109156132, -0.02641628123819828, -0.014296629466116428, 0.009227985516190529, -0.03829973191022873, 0.01725185662508011, -0.02952583320438862, -0.06154264137148857, 0.006570495665073395, 0.008084974251687527, -0.008016165345907211, 0.01892121136188507, -0.000604822242166847, 0.021067632362246513, 0.00383746181614697, -0.02923809550702572, -0.012482921592891216, -0.01148761436343193, -0.0027477294206619263, -0.040117520838975906, 0.0006704177940264344, -0.044572073966264725, -0.024926073849201202, -0.01428583450615406, -0.021217266097664833, 0.0018807387677952647, -0.010344755835831165, -0.04311828687787056, -0.04848885163664818, -0.0014864712720736861, 0.042769502848386765, 0.031451109796762466, 0.028964128345251083, 0.0250293780118227, 0.00268773571588099, -0.04899349436163902, 0.009666351601481438, 0.00520044332370162, 0.037812020629644394, -0.04856502637267113, -0.027101971209049225, 0.05209091678261757, 0.03030557744204998, -0.0037550432607531548, 0.0014218928990885615, -0.04623500257730484, -0.022864002734422684, -0.019716020673513412, 0.036536891013383865, -0.060593441128730774, 0.0023495396599173546, 0.027513273060321808, 0.002317117527127266, -0.0371149480342865, -0.021388201043009758, -0.06722209602594376, 0.017085732892155647, -0.03362499177455902, 0.024082964286208153, -0.027694450691342354, -0.030528120696544647, -0.0019011636031791568, 0.016569554805755615, -0.05695386603474617, 0.04517267271876335, -0.012748902663588524, -0.011815783567726612, -0.035594381392002106, -0.054499369114637375, -0.021489640697836876, -0.03137707710266113, -0.0030567054636776447, -0.01676926203072071, 0.011777893640100956, -0.0776313915848732, -0.019530873745679855, -0.021963531151413918, -0.041071567684412, -0.01790212094783783, -0.055786170065402985, 0.021780990064144135, 0.06497412919998169, 0.010579057037830353, -0.024769404903054237, 0.017242884263396263, -0.023427454754710197, -0.03746524453163147, -0.051141101866960526, -0.0038377291057258844, -0.01565784402191639, 0.0315515361726284, -0.002077140612527728, 0.0034369616769254208, -0.012698029167950153, 0.0315631739795208, -0.01219978742301464, -0.024013109505176544, -0.019885731860995293, -0.040640268474817276, -0.0005801735096611083, 0.023808984085917473, 0.0001667180476943031, 0.010452911257743835, 0.03876572102308273, 0.0339677631855011, -0.01245542336255312, -0.038917504251003265, -0.044605616480112076, 0.004771268926560879, -0.008611665107309818, -0.019934119656682014, -0.05899396166205406, 0.03943365439772606, -0.0036400489043444395, 0.011292594484984875, 0.02763989195227623, -0.02307564951479435, -0.0014890179736539721, 0.001211334834806621, 0.004511679522693157, -0.03504474088549614, -0.0046595861203968525, -0.03740229457616806, 0.022827496752142906, 0.035669174045324326, 0.01662169210612774, -0.01572030782699585, -0.009386341087520123, -0.03142319992184639, -0.005710054654628038, 0.027516547590494156, 0.03092036210000515, 0.01145358756184578, -0.033357489854097366, 0.027915487065911293, -0.052298013120889664, -0.036435265094041824, -0.01817462593317032, -0.020562760531902313, -0.00018847132741939276, -0.05236227810382843, -0.013164928182959557, -0.009965392760932446, 0.03436307609081268, -0.02257123589515686, -0.018050791695713997, 0.0030471552163362503, -0.02287595346570015, 0.017174607142806053, 0.016913337633013725, 0.056035034358501434, -0.016071375459432602, 0.02472747676074505, -0.0483304001390934, 0.04332682490348816, -0.009689844213426113, 0.04629230126738548, -0.00675995321944356, -0.036500949412584305, -0.0012908128555864096, -0.005355804227292538, -0.0022948330733925104, 0.014207462780177593, -0.006749879568815231, -0.001721585518680513, -0.008371217176318169, -0.00838371179997921, -0.003145822323858738, 0.016560079529881477, -0.024259701371192932, 0.018433956429362297, 0.0184020958840847, -0.025130586698651314, 0.011953177861869335, -0.03680325299501419, 0.008325561881065369, -0.010645664297044277, 0.025208454579114914, -0.0018106481293216348, 0.03893332928419113, 0.025492537766695023, 0.010524840094149113, -0.007143711671233177, 0.02512676641345024, 0.00950881838798523, -0.0037081509362906218, 0.011668059043586254, -0.029561176896095276, -0.013388506136834621, 0.005999293178319931, 0.017692619934678078, -0.010765748098492622, -0.018737023696303368, -0.006091469433158636, 0.004319451283663511, 0.03040066733956337, 0.06660548597574234, 0.029579544439911842, 0.0026760154869407415, 0.040973495692014694, 0.012671278789639473, 0.0005648567457683384, 0.0048560481518507, -0.07314660400152206, 0.053496103733778, 0.0026091206818819046, 0.06307956576347351, -0.01807776652276516, -0.023536957800388336, 0.005260113161057234, 0.007623265031725168, -0.009731879457831383, -0.014364689588546753, 0.015315775759518147, 0.0035775566939264536, 0.07657673209905624, -0.011792683973908424, 0.04301564022898674, 0.04198987036943436, -0.01819573901593685, 0.003214646363630891, -0.011781595647335052, -0.017298981547355652, -0.03801235556602478, 0.02294592186808586, 0.01813376694917679, 0.013694460503757, -0.034219540655612946, 0.01085352711379528, -0.01257520355284214, 0.022255580872297287, 0.046824343502521515, 0.04563088342547417, 0.05493702366948128, 0.0074584041722118855, -0.04154142364859581, 0.022117502987384796, -0.012616157531738281, 0.014031575992703438, -0.009683951735496521, 0.012406459078192711]",,
15_1_0_errors_doc_crossorigin_deprecated_mdx_section_1,section,15_1_0_errors_doc_crossorigin_deprecated_mdx,`Head` or `NextScript` attribute `crossOrigin` is deprecated - Why This Error Occurred,,{},15.1.0,"This option has been moved to ``.
",,"[(np.int64(8), np.float64(0.1587361991405487)), (np.int64(13), np.float64(0.025167053565382957)), (np.int64(73), np.float64(0.18817321956157684)), (np.int64(83), np.float64(0.02530791610479355)), (np.int64(238), np.float64(0.017093464732170105)), (np.int64(670), np.float64(0.16819995641708374)), (np.int64(707), np.float64(0.04485631734132767)), (np.int64(712), np.float64(0.1952866166830063)), (np.int64(1135), np.float64(0.059562258422374725)), (np.int64(3293), np.float64(0.09660008549690247)), (np.int64(4460), np.float64(0.1648707240819931)), (np.int64(4692), np.float64(0.19203568994998932)), (np.int64(10384), np.float64(0.2430730015039444)), (np.int64(13025), np.float64(0.17972584068775177)), (np.int64(44084), np.float64(0.07323547452688217)), (np.int64(64240), np.float64(0.08578921109437943)), (np.int64(81280), np.float64(0.20720292627811432)), (np.int64(95665), np.float64(0.22165286540985107)), (np.int64(147845), np.float64(0.2933846712112427)), (np.int64(150380), np.float64(0.2401040494441986)), (np.int64(212059), np.float64(0.23837128281593323))]","[-0.022156834602355957, 0.012016692198812962, -0.03208675980567932, 0.02549506165087223, -0.03602646663784981, -0.05421042442321777, 0.01617376133799553, 0.044031474739313126, 0.03614495322108269, 0.014362137764692307, 0.04556465893983841, 0.01148671843111515, -0.020579811185598373, 0.006890869699418545, 0.026870576664805412, -0.02669467404484749, 0.05884440243244171, 0.017696455121040344, 0.02379577048122883, 0.006215043365955353, -0.026941442862153053, -0.050526492297649384, -0.019058063626289368, 0.02535911835730076, -0.021986955776810646, 0.0017499784007668495, 0.041452083736658096, -0.014028036035597324, 0.029011934995651245, -0.009983141906559467, 0.027458347380161285, -0.05588260293006897, -0.012146607041358948, -0.0435924269258976, -0.02529733255505562, -0.011214416474103928, -0.031849633902311325, 0.022066157311201096, -0.035591475665569305, -0.015403742901980877, 0.01624613255262375, -0.017597489058971405, -0.002138374838978052, -0.02108330838382244, 0.02430427074432373, 0.001640046015381813, 0.01924196258187294, -0.011762061156332493, 0.0011366615071892738, 0.002607767703011632, -0.011902038007974625, -0.046133384108543396, 0.04359477385878563, -0.020966529846191406, 0.04845980182290077, -0.00863000936806202, -0.04628732055425644, -0.037967003881931305, -0.0033269054256379604, -0.007757967803627253, -0.014767016284167767, -0.07764726132154465, -0.02383720502257347, 0.025630908086895943, 0.007810225244611502, 0.0739021748304367, 0.0250999815762043, -0.003088602563366294, -0.01846267841756344, -0.02055719681084156, -0.009809390641748905, 0.037614066153764725, -0.04348636418581009, -0.01947879046201706, -0.029877668246626854, 0.06574933230876923, 0.021523650735616684, -0.030124347656965256, 0.031058622524142265, 0.020688237622380257, 0.05024543032050133, -0.025950858369469643, 0.031719647347927094, -0.01958685927093029, 0.030905429273843765, 0.02399883046746254, -0.042919889092445374, 0.005252368748188019, 0.024337060749530792, -0.00048681057523936033, -0.034822966903448105, 0.002188241109251976, 0.013333712704479694, -0.012111462652683258, 0.0031759885605424643, -0.041195183992385864, 0.031015772372484207, -0.04831883683800697, 0.02091260626912117, -0.026269683614373207, 0.019569210708141327, 0.04468877613544464, 0.01820286177098751, -0.012216527946293354, 0.02538806013762951, 0.0038083402905613184, 0.01575729437172413, 0.040398504585027695, 0.03644444793462753, -0.014300507493317127, -0.01223684847354889, 0.03955042362213135, 0.012614698149263859, -0.009794391691684723, 0.011242146603763103, -0.03855293244123459, -0.04209708049893379, -0.05487343668937683, -0.0007447059615515172, 0.02060568705201149, 0.06843176484107971, 0.004981496371328831, 0.054165929555892944, 0.017767999321222305, 0.061386264860630035, 0.006554350256919861, -0.02217871882021427, 0.01628764718770981, -0.04142298176884651, 0.014415602199733257, 0.01853661797940731, 0.03424706310033798, 0.013291368260979652, -0.028506943956017494, -0.04645130783319473, -0.00453611183911562, 0.005242086015641689, 0.006433004047721624, -0.004119631368666887, -0.04387911781668663, -0.003576863557100296, 0.027898291125893593, 0.0012361793778836727, -0.0020821017678827047, 0.03720169886946678, -0.012777969241142273, 0.057556383311748505, 0.004581633489578962, 0.03388009965419769, -0.03803658112883568, -0.04709411412477493, 0.02726021409034729, -0.020139461383223534, -0.025109123438596725, -0.002714490983635187, -0.01710670441389084, -0.011812899261713028, 0.01874065399169922, 0.005679705645889044, -0.00260606175288558, -0.04460012540221214, 0.034539178013801575, -0.03758527711033821, -0.02268960513174534, -0.01378336176276207, -0.011030599474906921, 0.019235054031014442, 0.020282980054616928, 0.009671083651483059, -0.01125080045312643, -0.036360301077365875, -0.06567373871803284, -0.007719521410763264, -0.0036668532993644476, 0.024752462282776833, 0.0569256953895092, 0.06524325162172318, -0.007383089512586594, -0.007632313761860132, -0.0238961074501276, -0.030369693413376808, 0.004262024071067572, 0.002276031766086817, -0.003113744780421257, -0.050493866205215454, -0.01141838077455759, 0.02265937253832817, -0.016806378960609436, -0.014092399738729, 0.02900124154984951, -0.02886950969696045, 0.025442730635404587, -0.007038280833512545, -0.005803809501230717, 0.03498236835002899, -0.00765302125364542, -0.028258252888917923, -0.014208103530108929, -0.020661357790231705, 0.007123811636120081, -0.008360089734196663, 0.017655441537499428, 0.029971111565828323, -0.056706804782152176, 0.007136914879083633, -0.013119718991219997, -0.01616586372256279, -0.027378123253583908, 0.032212112098932266, 0.002397297415882349, -0.043167416006326675, 0.028293367475271225, -0.043626148253679276, -0.006187031045556068, -0.0391162633895874, -0.043757595121860504, 0.04277762398123741, 0.015283709391951561, -0.02393125183880329, -0.05966567620635033, -0.044484131038188934, -0.00020308860985096544, -0.008636891841888428, 0.06390698999166489, -0.01076598186045885, 0.0485980249941349, 0.03276831656694412, 0.01818746328353882, -0.003930715844035149, -0.00888156145811081, -0.02766881138086319, -0.020987877622246742, 0.0009629992418922484, 0.009043541736900806, 0.04333202913403511, -0.012646296992897987, -0.05452015623450279, 0.023009633645415306, 0.051707565784454346, -0.05009258911013603, -0.03268931806087494, 0.026995016261935234, 0.01101102214306593, 0.028006570413708687, -0.015165270306169987, 0.005890232510864735, 0.019203130155801773, -0.009118109941482544, 0.03576113283634186, 0.01441451907157898, 0.021111173555254936, 0.019970843568444252, -0.0042951637879014015, 0.008915593847632408, 0.0034095554146915674, 0.017661914229393005, 0.014054247178137302, -0.02206621691584587, -0.028765976428985596, -0.03699832782149315, 0.01223185658454895, -0.007563955150544643, -0.0060546379536390305, 0.028831563889980316, 0.02167518064379692, -0.001987510360777378, -0.035454485565423965, 0.0009713121689856052, 0.03555222228169441, -0.04212065041065216, -0.02438952960073948, 0.004703821614384651, 0.04086107388138771, 0.013855762779712677, 0.04057448357343674, -0.017528247088193893, -0.014418627135455608, -0.01510998047888279, 0.07593438774347305, -0.004008149728178978, -0.03233056142926216, 0.025896254926919937, 0.03964395448565483, 0.013112061657011509, 0.015765877440571785, 0.005613917484879494, -0.033363133668899536, 0.024456381797790527, -0.05137445777654648, -0.027967456728219986, -0.019136348739266396, -0.012345079332590103, 0.057169243693351746, -0.006486536934971809, -0.031347744166851044, -0.03067232482135296, 0.0026505335699766874, -0.1763581931591034, 0.020220384001731873, 0.010876873508095741, 0.004953605588525534, 0.02515244111418724, -0.0018545467173680663, -0.012549937702715397, -0.027624579146504402, -0.021837206557393074, 0.004686709027737379, -0.023464269936084747, -0.05660920590162277, 0.05949222669005394, 0.006998622324317694, -0.009156521409749985, 0.02921900525689125, 0.010248897597193718, -0.014700045809149742, 0.04110146686434746, -0.039901625365018845, -0.006375803612172604, 0.015304313972592354, 0.0350937619805336, 0.0038488421123474836, -0.010527906008064747, -0.024993842467665672, 0.04189194738864899, -0.048655346035957336, -0.02380511537194252, 0.03636103495955467, 0.013366016559302807, 0.03867289796471596, -0.012337424792349339, 0.039892423897981644, -0.022036658599972725, 0.05184881389141083, 0.03880942985415459, -0.026434671133756638, -0.031931422650814056, -0.018242061138153076, 0.02504332736134529, 0.00631337147206068, -0.037702858448028564, -0.0008560593123547733, 0.01846381090581417, -0.07736992835998535, -0.021694589406251907, -0.0265125073492527, -0.028325339779257774, 0.048247434198856354, 0.01711265929043293, -0.01601104997098446, -0.04396038502454758, 0.012723785825073719, -0.02183791808784008, 0.029283927753567696, -0.0073965080082416534, 0.01760498620569706, -0.06895159929990768, 0.017490655183792114, -0.01952839083969593, -0.005358850583434105, 0.030334142968058586, 0.005270492285490036, -0.05088174715638161, 0.01871490851044655, 0.000750022183638066, -0.04960980266332626, 0.03985977545380592, -0.02687527984380722, 0.008595035411417484, 0.02330474741756916, 0.03935903683304787, 0.0029247337952256203, -0.08144621551036835, -0.009920002892613411, 0.008652366697788239, -0.024133378639817238, 0.006553743500262499, -0.12083277851343155, 0.005538466852158308, 0.00882317591458559, -0.024664226919412613, 0.026896076276898384, -0.009009734727442265, -0.040452584624290466, 0.007328120991587639, 0.003557409392669797, 0.030770432204008102, 0.2652466297149658, 0.1181935966014862, 0.02138986997306347, 0.011207728646695614, 0.05479869619011879, -0.020800910890102386, -0.019726857542991638, 0.004327292554080486, -0.0005553396767936647, -0.048898156732320786, -0.013072834350168705, -0.020244669169187546, -0.007325826212763786, -0.025464264675974846, -0.003447732189670205, 0.044176146388053894, -0.04915684461593628, -0.004373590927571058, 0.0864490494132042, -0.009381565265357494, 0.03483160585165024, -0.031033243983983994, 0.04564276710152626, 0.012957467697560787, -0.0483195036649704, 0.0251491516828537, -0.046649061143398285, -0.020860688760876656, -0.03205946087837219, 0.025711478665471077, -0.01598435826599598, -0.0070500001311302185, 0.05676472932100296, 0.00019939712365157902, 0.023643989115953445, -0.027967995032668114, 0.02514723315834999, -0.05284148082137108, -0.04505745321512222, 0.020963139832019806, -0.043053556233644485, -0.036107804626226425, 0.00062396569410339, 0.0017049032030627131, -0.016036879271268845, -0.01358738262206316, -0.009264562278985977, 0.0006277486681938171, -0.022228199988603592, -0.01580904796719551, 0.024824058637022972, 0.007953048683702946, -0.008298283442854881, -0.004391454625874758, 0.006130139343440533, -0.007432892918586731, -0.032676178961992264, -0.02366999350488186, 4.921510844724253e-05, 0.05995495989918709, 0.03786136955022812, -0.0026706047356128693, -0.028188643977046013, 0.02410184219479561, -0.012360058724880219, 0.00010437688615638763, 0.003196039004251361, -0.05888432636857033, -0.02561475895345211, 0.04774780198931694, -0.014737521298229694, 0.024515021592378616, 0.013176476582884789, 0.023130087181925774, 0.02523259073495865, 0.048295486718416214, 0.022908702492713928, 0.03998221457004547, 0.0009139750036410987, 0.036859430372714996, 0.006756634451448917, -0.01566462777554989, -0.026081621646881104, 0.038168665021657944, 0.008521884679794312, -0.02885686233639717, 0.04996141046285629, 0.042407531291246414, 0.00592241995036602, -0.048092905431985855, 0.04040383920073509, 0.024127403274178505, -0.0012328664306551218, 0.02035248652100563, -0.01865515112876892, -0.028780575841665268, 0.04426322504878044, -0.007636834867298603, -0.01964752748608589, -0.012022031471133232, -0.03229733929038048, -0.006361803505569696, 0.010194151662290096, -0.11631778627634048, 0.0412476509809494, -0.026075616478919983, -0.012842042371630669, -0.02935580164194107, 0.012503326870501041, -0.03874378651380539, 0.002236638916656375, 0.031414635479450226, 0.00025027181254699826, -0.050204310566186905, -0.006583274342119694, 0.06653406471014023, 0.03323759883642197, 0.03862139955163002, -0.01582924835383892, 0.03596782311797142, -0.0027230021078139544, -0.03093147836625576, 0.01213233545422554, -0.010488924570381641, -0.04542957991361618, -0.04708374664187431, 0.03276628255844116, 0.05772058293223381, -0.053188931196928024, 0.02050882577896118, 0.003116216044872999, -0.034771423786878586, -0.05271671712398529, 0.021558532491326332, 0.019919387996196747, -0.010614223778247833, 0.03787296265363693, 0.014227471314370632, -0.030150923877954483, 0.013390588574111462, -0.0032289226073771715, 0.0038494085893034935, 0.026189886033535004, -0.028673134744167328, 0.03670858219265938, -0.0029747707303613424, 0.016344256699085236, -0.01511294487863779, 0.00979881826788187, 0.03628115355968475, 0.010988464578986168, 0.0024004909209907055, -0.0034101223573088646, -0.03996717557311058, -0.03899678960442543, -0.022813092917203903, -0.009922677651047707, 0.020717104896903038, 0.012971998192369938, -0.05443107336759567, 0.003979203756898642, -0.009138474240899086, 0.026742780581116676, 0.06851977109909058, -0.004483913071453571, 0.04457512125372887, -0.04128677770495415, 0.031076371669769287, -0.007927874103188515, -0.029152531176805496, 0.006826492492109537, -0.02448577806353569, -0.06022300943732262, 0.01228127907961607, 0.011408618651330471, 0.0006966748042032123, -0.004355521872639656, -0.021181495860219002, -0.028928136453032494, -0.02719239890575409, -0.004905930254608393, -0.013347730040550232, -0.04548580199480057, -0.027461692690849304, 0.006019554100930691, 0.010629802942276001, -0.0317772813141346, -0.008116960525512695, 0.03766018897294998, -0.013513664714992046, 0.0032208997290581465, 0.10926567763090134, -0.000828340882435441, 0.0003553183050826192, 0.003362673567607999, 0.01918603666126728, 0.03952843323349953, -0.0035497695207595825, -0.0032664169557392597, -0.04306456819176674, -0.007342891301959753, -0.02544621378183365, 0.008138167671859264, -0.035178907215595245, -0.02341618575155735, -0.005798809230327606, -0.024065332487225533, 0.03123483806848526, -0.007227751892060041, -0.014156484976410866, -0.011284947395324707, -0.02437456324696541, -0.03706826642155647, -0.004782974720001221, 0.024635711684823036, -0.02234937809407711, 0.06676492840051651, 0.04388881102204323, -0.018039347603917122, -0.03172367438673973, 0.004044827073812485, -0.024045834317803383, -0.02123102732002735, -0.030160637572407722, -0.01467619463801384, 0.031324177980422974, 0.004484185948967934, 0.00024224961816798896, -0.009860631078481674, -0.03301122039556503, -0.006249165628105402, 0.034215688705444336, -0.018384836614131927, -0.004985512234270573, 0.01567027159035206, 9.117602894548327e-05, 0.02822207845747471, 0.02311273291707039, 0.01867813989520073, -0.040744006633758545, 0.002914352575317025, -0.017221059650182724, -0.028282208368182182, 0.026447663083672523, -0.0070413644425570965, 0.0026584940496832132, -0.04619447514414787, -0.040364932268857956, 0.05011701583862305, 0.012886540032923222, -0.03930006921291351, 0.023788567632436752, -0.016854003071784973, -0.028252363204956055, -0.004549608565866947, 0.05396290495991707, 0.047987811267375946, -0.008323966525495052, -0.054135993123054504, 0.002083538332954049, -0.008664077147841454, 0.04427243024110794, 0.004260358866304159, -0.005868107546120882, 0.02185729891061783, -0.0465170294046402, 0.037902653217315674, -0.01411687582731247, -0.011259475722908974, -0.020744118839502335, -0.00896418746560812, -0.038237281143665314, -0.016570469364523888, -0.03374321758747101, 0.025616507977247238, 0.003145013703033328, -0.030526956543326378, 0.013971257954835892, 0.006422064267098904, 0.03265462815761566, 0.010301807895302773, -0.0012633365113288164, -0.05271921306848526, -0.02537897601723671, -0.03704569861292839, 0.026038747280836105, 0.025648418813943863, 0.03369270637631416, 0.02273375727236271, -0.026317650452256203, 0.024164769798517227, -0.02789216861128807, -0.06094949692487717, 0.013171043246984482, -0.05455872416496277, -0.019077759236097336, 0.01315220445394516, 0.007946331985294819, 0.0055864048190414906, 0.0439835824072361, 0.0019153788452968001, -0.005099568981677294, -0.01808403991162777, -0.017057066783308983, 0.0031221071258187294, 0.025103621184825897, 0.010851800441741943, -0.017861509695649147, 0.025527289137244225, -0.021568220108747482, 0.02784927934408188, -0.06202038377523422, 0.000960502540692687, 0.004521732218563557, 0.03082013875246048, 0.011404620483517647, 0.05582597851753235, -0.002650463953614235, -0.001066825701855123, 0.002476464956998825, -0.014821573160588741, 0.004816917702555656, -0.004412082023918629, 0.006899817381054163, -0.03623834624886513, 0.019889963790774345, 0.03989062458276749, -0.008751731365919113, -0.014752577058970928, 0.011333736591041088, -0.018108246847987175, -0.01929696649312973, -0.0013808776857331395, 0.029908403754234314, 0.01882999576628208, -0.026422129943966866, 0.011554902419447899, -0.006855064537376165, 0.012996450997889042, 0.0035272727254778147, -0.025779657065868378, 0.004125301260501146, 0.028719671070575714, -0.03537954390048981, -0.00048793762107379735, -0.033508822321891785, -0.00867896992713213, -0.019761763513088226, 0.008785209618508816, 0.005243306048214436, -0.00817827507853508, 0.03936504200100899, -7.057413768052356e-06, -0.00964699313044548, -0.011182956397533417, -0.010512685403227806, -0.005028671119362116, -0.0016823852201923728, -0.0032018085476011038, -0.0006610457203350961, -0.013541747815907001, -0.035353343933820724, -0.06740319728851318, 0.017612338066101074, -0.01665608026087284, 0.042545199394226074, -0.016781382262706757, -0.00696680648252368, -0.003910610917955637, 0.011993970721960068, -0.003269083797931671, -0.00020635266264434904, 0.034687988460063934, 0.037806712090969086, 0.005330799613147974, 0.017275763675570488, -0.01991966739296913, 0.04812327027320862, 0.05520477890968323, 0.007692161947488785, 0.0008031210745684803, -0.0015901081496849656, -0.0023601213470101357, -0.008519291877746582, 0.03844030201435089, -0.0030703633092343807, 0.005395977292209864, 0.008605771698057652, 0.021706029772758484, 0.024982936680316925, -0.040882136672735214, 0.0014918106608092785, -0.01243277732282877, -0.002742283744737506, -0.19087634980678558, -0.009778985753655434, -0.006432200316339731, -0.0161605142056942, -0.039607129991054535, -0.018609248101711273, -0.024945039302110672, -0.015894267708063126, 0.020017433911561966, -0.036214206367731094, -0.04899381101131439, -0.009530185721814632, -0.03181365504860878, 0.0073600891046226025, 0.005310113076120615, -0.00646983040496707, 0.030657749623060226, 0.001678907428868115, -0.05235064774751663, 0.08135699480772018, 0.02341930754482746, -0.016137976199388504, 0.06331272423267365, 0.02410311810672283, 0.01477447897195816, -0.027596373111009598, -0.03143312409520149, 0.042556166648864746, -0.03522339090704918, -0.003733775345608592, 0.0017640265868976712, -0.014045649208128452, 0.007998155429959297, 0.03961596637964249, 0.05004389211535454, 0.02985929511487484, 0.038925763219594955, 0.0054521020501852036, 0.011542187072336674, -0.007700082380324602, -0.011438929475843906, 0.020576046779751778, -0.03727520629763603, 0.016326885670423508, 0.017635714262723923, 0.02128452993929386, 0.01829599030315876, 0.0067520118318498135, -0.025111405178904533, 0.0034540663473308086, -0.002670805435627699, 0.00581608759239316, -0.034078486263751984, 0.037309929728507996, -0.0014374739257618785, -0.004505207762122154, 0.007833697833120823, 0.0034879930317401886, -0.009491121396422386, 0.040989845991134644, -0.005273035261780024, -0.016392620280385017, -0.047834403812885284, -0.028504325076937675, -0.0568852536380291, 0.03156880661845207, -0.014126371592283249, -0.0008411057642661035, -0.026380883529782295, 0.0253741592168808, -0.01274124626070261, -0.04222574084997177, 0.037391792982816696, -0.008549707010388374, 0.014255328103899956, -0.02104312926530838, 0.01994684338569641, -0.008849685080349445, -0.0008085946319624782, -0.026898302137851715, -0.041522420942783356, 0.019671151414513588, -0.04351473227143288, -0.012239807285368443, 0.02295263297855854, 0.025637974962592125, -0.03960110992193222, 0.034990910440683365, -0.03898421302437782, -0.009956629015505314, -0.04850710555911064, -0.01337742991745472, 0.03270842507481575, 0.03227259963750839, -0.02928384207189083, 0.017561735585331917, -0.01462789997458458, -0.015313634648919106, -0.01597503200173378, -0.023351255804300308, -0.012847252190113068, -0.009455342777073383, -0.014683344401419163, 0.02295348420739174, -0.00246879318729043, 0.008433097042143345, 0.0029397187754511833, 0.018357547000050545, 0.010401880368590355, -0.009584685787558556, -0.09141827374696732, -0.014753133989870548, -0.02942519262433052, -0.005172848701477051, -0.02559608966112137, 0.02035076729953289, -0.010708949528634548, 0.008723973296582699, 0.01554052159190178, -0.009728833101689816, 0.0011446458520367742, -0.020112419500947, 0.033486295491456985, -0.04591597989201546, -0.0021346372086554766, -0.005375456064939499, 0.06203268840909004, 0.00884694792330265, 0.03400490805506706, -0.020335858687758446, 0.044691700488328934, 0.007174859754741192, 0.01215351466089487, 0.0426190011203289, 0.0200506579130888, -0.02751469612121582, -0.020466407760977745, 0.04480351507663727, -0.03598283976316452, -0.04501441493630409, -0.020239340141415596, -0.04174695163965225, 0.0002518495311960578, -0.05560638755559921, -0.007917867973446846, -0.033487990498542786, 0.005133971571922302, 0.034356966614723206, -0.006809872109442949, 0.008223672397434711, -0.010908074676990509, 0.007545454427599907, -0.00753373047336936, 0.03580094873905182, 0.003924219403415918, 0.0038874666206538677, 0.00261241989210248, 0.024685444310307503, 0.005601049400866032, 0.02677878737449646, -0.013694585300981998, -0.04766228795051575, -0.006765732076019049, -0.022788699716329575, -0.016145246103405952, 0.04500476270914078, 0.008961961604654789, -0.007011253386735916, -0.04090126231312752, 0.029043862596154213, -0.00884955283254385, -0.02225375734269619, 0.020083269104361534, 0.03666543588042259, 0.04629054293036461, -0.0355665497481823, -0.000280500331427902, -0.00188697618432343, 0.020083148032426834, -0.02664514258503914, 0.0686628445982933, -0.010620661079883575, 0.03652801364660263, 0.00047844037180766463, -0.0334167517721653, -0.02449888363480568, -0.03000638633966446, 0.030818676576018333, -0.03176180273294449, 0.025480369105935097, -0.014823158271610737, -0.016050677746534348, -0.010737104341387749, 0.01612764596939087, 0.026798328384757042, 0.01443486101925373, -0.01590685546398163, 0.046615637838840485, 0.030953191220760345, -0.023410972207784653, 0.024859726428985596, 0.041695062071084976, -0.004839781671762466, -0.0225431639701128, -0.0188734270632267, 0.011013651266694069, -0.024150429293513298, -0.00039451016345992684, -0.008819893933832645, 0.0801924616098404, -0.03504043444991112, -0.016462231054902077, -0.0357951819896698, 0.006040609907358885, 0.02928202785551548, -0.03054412268102169, 0.038707345724105835, 0.033653728663921356, 0.03605468571186066, -4.6230612497311085e-05, 0.035423215478658676, 0.04660099744796753, -0.030124258249998093, -0.019773341715335846, -0.01816338486969471, 0.020903218537569046, -0.020309388637542725, 0.007890614680945873, -0.015639904886484146, 0.01909848116338253, 0.0021294178441166878, 0.02629694901406765, -0.0074646733701229095, 0.02479921095073223, 0.0023527932353317738, 0.057883210480213165, -0.009591263718903065, 0.017738262191414833, -0.03718576952815056, -0.0069543421268463135, 0.03392944484949112, 0.0030981949530541897, -0.014223612844944, -0.01923331990838051]",,
15_1_0_errors_doc_crossorigin_deprecated_mdx_section_2,section,15_1_0_errors_doc_crossorigin_deprecated_mdx,`Head` or `NextScript` attribute `crossOrigin` is deprecated - Possible Ways to Fix It,,{},15.1.0,"Add the config option:
",,"[(np.int64(8), np.float64(0.1399635672569275)), (np.int64(13), np.float64(0.031983211636543274)), (np.int64(73), np.float64(0.1942417025566101)), (np.int64(83), np.float64(0.038711607456207275)), (np.int64(297), np.float64(0.010582104325294495)), (np.int64(670), np.float64(0.16533423960208893)), (np.int64(707), np.float64(0.024545207619667053)), (np.int64(712), np.float64(0.19889865815639496)), (np.int64(1135), np.float64(0.06889963150024414)), (np.int64(1650), np.float64(0.03534330427646637)), (np.int64(2661), np.float64(0.018992900848388672)), (np.int64(4460), np.float64(0.155893474817276)), (np.int64(4692), np.float64(0.19275186955928802)), (np.int64(10384), np.float64(0.2439381182193756)), (np.int64(13025), np.float64(0.17937350273132324)), (np.int64(42261), np.float64(0.06188876926898956)), (np.int64(81280), np.float64(0.20872752368450165)), (np.int64(95665), np.float64(0.22354699671268463)), (np.int64(96746), np.float64(0.16627700626850128)), (np.int64(115861), np.float64(0.07534083724021912)), (np.int64(147845), np.float64(0.2913825213909149)), (np.int64(150380), np.float64(0.23779228329658508))]","[-0.02423294261097908, 0.003199511207640171, -0.05536051467061043, 0.030548766255378723, -0.03179554641246796, -0.022763917222619057, 0.05977440997958183, 0.006417851895093918, 0.005855116061866283, 0.013825058937072754, 0.028356119990348816, -0.03603065386414528, -0.005363099277019501, -0.00833150651305914, 0.010879474692046642, -0.006735553033649921, 0.012071387842297554, -0.01866014488041401, 0.008987748064100742, -0.012698504142463207, -0.008114110678434372, -0.013465655967593193, -0.032490700483322144, 0.02884683944284916, -0.01934988982975483, 0.000593812030274421, 0.0027435747906565666, -0.03632601723074913, 0.05658132955431938, 0.029131153598427773, 0.021550465375185013, -0.03416811674833298, -0.014966324903070927, -0.04382256790995598, 0.01859448291361332, -0.012784586288034916, -0.007140915375202894, -0.023361310362815857, -0.06860095262527466, -0.0040085711516439915, -0.02141645923256874, -0.024498801678419113, -0.007409363053739071, -0.046577781438827515, -0.0018239127239212394, -0.00864409003406763, -0.00894888024777174, -0.012185214087367058, -0.0013019220205023885, -0.0014643800677731633, 0.0210836473852396, -0.0006612839642912149, 0.047622911632061005, 0.0026588975451886654, -9.404721640748903e-05, 0.018020736053586006, -0.05194706469774246, -0.0017659621080383658, -0.05785657465457916, -0.03964698314666748, -0.04983241856098175, 0.002101574558764696, -0.02353261224925518, -0.013638795353472233, 0.025750907137989998, 0.05505776405334473, 0.02617676369845867, 0.00825293455272913, -0.006485890597105026, -0.04301842302083969, -0.0066742561757564545, -0.027453022077679634, -0.07730703800916672, -0.033090054988861084, -0.06796925514936447, 0.062031280249357224, 0.04596911370754242, -0.014301843009889126, -0.003847163636237383, 0.011216288432478905, -0.005653871688991785, -0.045622818171978, 0.041035931557416916, 0.008889439515769482, -0.008321074768900871, 0.002385558560490608, -0.038574282079935074, 0.04012784734368324, -0.016490643844008446, 0.018754610791802406, -0.04916009306907654, 0.004058506339788437, 0.045977428555488586, -0.031969282776117325, -0.004804600495845079, -0.02238624542951584, 0.01733473502099514, -0.03080432489514351, 0.01282782107591629, 0.0047453464940190315, -0.021942559629678726, 0.004168068990111351, 0.03177769109606743, 0.04151405766606331, 0.024862898513674736, 0.013027258217334747, 0.009205758571624756, 0.031116921454668045, 0.01127879973500967, -0.03517601639032364, 0.0021665191743522882, 0.02345205657184124, -0.014257853850722313, -0.02389066480100155, 0.00445549376308918, -0.05342872068285942, -0.007342376280575991, -0.05383028835058212, 0.025182636454701424, -0.014875189401209354, 0.05322474241256714, 0.002898038364946842, 0.04835259169340134, -0.013409665785729885, 0.06628791242837906, 0.036402907222509384, 0.02383146621286869, 0.053385548293590546, -0.018627969548106194, 0.032799944281578064, 0.032286807894706726, 0.032038137316703796, -0.027766868472099304, 0.003301645629107952, -0.02387605793774128, -0.030834533274173737, 0.0024073587264865637, -0.009528571739792824, -0.023450616747140884, -0.09387136250734329, 0.00972585380077362, 0.03775756433606148, 0.04370059445500374, -0.029188768938183784, 0.046664897352457047, -0.04988950490951538, 0.031090708449482918, -0.03780248761177063, 0.018073026090860367, -0.016439812257885933, -0.02104266546666622, 0.04593872278928757, 0.032591987401247025, -0.01550381351262331, 0.016616620123386383, -0.03885272517800331, -0.018824758008122444, 0.07600598782300949, 0.022652046754956245, 0.015171891078352928, -0.037767570465803146, 0.026129821315407753, -0.0327097624540329, -0.031736183911561966, 0.037426870316267014, -0.052563734352588654, 0.007205008063465357, -0.0025399404112249613, -0.0016110086580738425, -0.021725289523601532, -0.008622015826404095, -0.031000502407550812, -0.050760503858327866, -0.030593251809477806, 0.031191401183605194, 0.037805672734975815, 0.008054215461015701, 0.016421841457486153, 0.037039488554000854, -0.04431972652673721, -0.03240279108285904, -0.007557499222457409, -0.001189359580166638, 0.016721293330192566, -0.04430151358246803, -0.021666064858436584, 0.021761393174529076, 0.0022849442902952433, 0.00415773456916213, 0.03334442898631096, 0.020815633237361908, 0.022316094487905502, 0.03313862532377243, -0.024492235854268074, 0.05001988634467125, 0.027658000588417053, -0.007544518914073706, -0.00455631734803319, -0.011208510026335716, -0.016847247257828712, 0.03828329220414162, 0.004076072946190834, 0.03318629041314125, -0.03225007653236389, 0.006890853866934776, -0.00903445016592741, -0.02492556720972061, -0.05794709548354149, 0.008527664467692375, -0.023625995963811874, -0.010019127279520035, -0.02051421068608761, -0.01448657363653183, -0.02128286473453045, -0.031549084931612015, 0.025162765756249428, 0.022829104214906693, -0.033062487840652466, -0.02945668436586857, -0.03380270674824715, -0.050326332449913025, 0.029114050790667534, -0.0026677583809942007, -0.01656925678253174, -0.011851918883621693, 0.008819859474897385, 0.06101509556174278, -0.027632778510451317, -0.02793027088046074, -0.04184088110923767, -0.027151746675372124, 0.011410340666770935, 0.004085537511855364, 0.01593223586678505, 0.018598036840558052, -0.002067951485514641, -0.010901697911322117, 0.010777966119349003, 0.000838896376080811, 0.011289560236036777, 0.005430321209132671, -0.0030377674847841263, 0.06325957924127579, 0.0031893800478428602, -0.038393083959817886, 0.021966395899653435, 0.01338554173707962, 0.008695638738572598, -0.024825721979141235, -0.01505284383893013, -0.0015104367630556226, -0.031154219061136246, -0.04969947785139084, -0.007302379235625267, 0.015301105566322803, 0.03296753391623497, 0.020431233569979668, -0.021899700164794922, 6.711205060128123e-05, 0.013799958862364292, 0.03619489073753357, 0.017314419150352478, 0.019090449437499046, 0.043525610119104385, 0.02094927988946438, 0.004860192537307739, -0.017694395035505295, -0.025521649047732353, 0.001588646206073463, -0.0378134623169899, -0.01856043189764023, 0.014090925455093384, 0.008781440556049347, 0.026656631380319595, 0.00953623652458191, 0.037366341799497604, -0.009177043102681637, -0.04540597274899483, 0.07663209736347198, 0.0014153182273730636, -0.017381614074110985, 0.0246324073523283, 0.014318319037556648, -0.026336584240198135, 0.0007931033615022898, -0.006821023765951395, -0.006610121577978134, 0.003998018801212311, -0.03336334228515625, -0.08197303861379623, -0.06816976517438889, -0.015329135581851006, 0.07804852724075317, -0.00755590945482254, -0.020199505612254143, -0.013527720235288143, -0.01440966222435236, -0.17360928654670715, 0.01145972590893507, 0.009607888758182526, 0.03885470703244209, 0.007487464230507612, -0.021010814234614372, -0.02247745729982853, 0.00922254379838705, 0.00028617295902222395, 0.003732451004907489, 0.011629194021224976, -0.05138365179300308, 0.05376501381397247, -0.020244242623448372, -0.015311219729483128, -0.03218437731266022, -0.005593989044427872, -0.00841937679797411, 0.020886264741420746, -0.03359058499336243, -0.034908026456832886, -0.03626006841659546, 0.02413691021502018, 0.05096033215522766, 0.012183941900730133, -0.004862538538873196, 0.053024113178253174, -0.008127705194056034, -0.035685524344444275, 0.012692715041339397, 0.007914986461400986, 0.017274294048547745, -0.009770316071808338, 0.028739891946315765, 0.01772303506731987, -0.011500160209834576, 0.021658573299646378, -0.05161473900079727, 0.027227429673075676, -0.01776140369474888, 0.04882337898015976, 0.02616574987769127, -0.016028447076678276, -0.01704910770058632, -0.00836276076734066, -0.04864351451396942, -0.001984736416488886, 0.002511741826310754, -0.0236627459526062, 0.00592809310182929, -0.008593310602009296, -0.03493068739771843, -0.009878529235720634, 0.01482642162591219, -0.0451907180249691, 0.026092924177646637, -0.07191038131713867, 0.021762844175100327, 0.016675738617777824, -0.006525922100991011, -0.024520283564925194, -0.0022507363464683294, 0.013994709588587284, -0.00893623661249876, -0.04785497859120369, -0.00794267375022173, -0.0075408038683235645, -0.049095600843429565, 0.04286178946495056, -0.005245831795036793, 0.016517847776412964, -0.009933196008205414, 0.04942255839705467, 0.0037973106373101473, -0.02840450406074524, 0.008180694654583931, -0.006964066065847874, 0.0003856103285215795, -0.020826879888772964, -0.12062389403581619, 0.0013308279449120164, 0.030301040038466454, -0.030364375561475754, 0.0020940713584423065, -0.009541317820549011, -0.06016993522644043, -0.013531778007745743, 0.014003127813339233, 0.05654989928007126, 0.22249923646450043, 0.07792779803276062, 0.01302438322454691, -0.028327766805887222, 0.04828732833266258, -0.03283482417464256, -0.0225166417658329, 0.04466746374964714, -0.021902866661548615, -0.014209309592843056, -0.017126508057117462, -0.00561345973983407, 0.0008993627270683646, -0.015538814477622509, 0.010171514004468918, -0.013479772955179214, -0.05301773175597191, -0.005907134618610144, 0.07255081832408905, -0.006729288958013058, 0.0060663106851279736, -0.042447518557310104, 0.014495478011667728, -0.006040278822183609, -0.041017863899469376, -0.0077475556172430515, -0.019397251307964325, 0.02820238471031189, -0.005379906855523586, 0.045520033687353134, -0.04439413920044899, 0.030593056231737137, 0.029353516176342964, -0.005285192281007767, -0.06825961917638779, -0.004725078120827675, 0.01428849808871746, -0.0077208527363836765, -0.028038745746016502, 0.036428872495889664, 0.003355303779244423, -0.0458122193813324, 0.029090141877532005, -0.016532622277736664, -0.027566179633140564, -0.023913376033306122, 0.01270783506333828, 0.0014941624831408262, 0.015084131620824337, -0.021710798144340515, 0.015533799305558205, -0.05077959969639778, -0.036908868700265884, -0.018824409693479538, 0.01675727590918541, -0.028696333989501, -0.013359184376895428, -0.04259519279003143, -0.00600089319050312, 0.08351104706525803, 0.023226264864206314, 0.010067733936011791, 0.009272804483771324, 0.04353851452469826, -0.00642247823998332, 0.02406918816268444, 0.041268594563007355, -0.017432313412427902, 0.005280327517539263, 0.029596170410513878, -0.02501043863594532, 0.02687746286392212, -0.0012226446997374296, -0.00015493026876356453, 0.007538129575550556, 0.042520347982645035, 0.03245474770665169, 0.055042367428541183, 0.0006803044234402478, 0.022981001064181328, -0.017445508390665054, -0.005404158961027861, -0.029182951897382736, 0.04029133543372154, 0.04233485087752342, -0.04115339368581772, -2.021326872636564e-05, 0.06218353286385536, 0.008443265222012997, -0.07032687216997147, 0.013921238481998444, -0.0013125850819051266, 0.0030560048762708902, 0.0707383006811142, -0.003405928146094084, -0.012902473099529743, 0.07546651363372803, -0.009816121309995651, -0.023826099932193756, -0.008333271369338036, -0.0003777831152547151, -0.027683338150382042, -0.028908398002386093, -0.04170167073607445, 0.07352156937122345, -0.019377795979380608, 0.013778305612504482, -0.01710408926010132, 0.022995084524154663, -0.0033033264335244894, 0.00045309640699997544, 0.020601538941264153, 0.03340170532464981, -0.02277326211333275, -0.001333023072220385, -0.005564067512750626, 0.061652787029743195, 0.023601308465003967, 0.006099760998040438, 0.010224265977740288, -0.010136907920241356, 0.01688745617866516, 0.04208173230290413, -0.010603894479572773, -0.010359486564993858, -0.05460299178957939, 0.035153113305568695, 0.06561256945133209, -0.03250773996114731, -0.012427302077412605, 0.010356097482144833, -0.020084572955965996, 0.008279037661850452, -0.0005667718942277133, 0.041889723390340805, -0.0066201454028487206, 0.003302105003967881, 0.00801061000674963, 0.04281828925013542, 0.03190836310386658, -0.014352379366755486, -0.020686976611614227, -0.020091630518436432, 0.004140786360949278, 0.013995909132063389, -0.024755185469985008, 0.004344467539340258, -0.0011342865182086825, -0.008627974428236485, 0.06122317165136337, 0.02433900162577629, 0.07174047827720642, 0.07730758935213089, -0.02294548973441124, -0.020913714542984962, -0.05078813433647156, -0.004235456231981516, 0.03073694184422493, -0.0063810101710259914, -0.03362123668193817, 0.007797081954777241, 0.026147542521357536, 0.03211332485079765, 0.044204093515872955, 0.016517747193574905, 0.021491894498467445, -0.03507551923394203, 0.019531525671482086, -0.018326779827475548, -0.019851189106702805, 0.01502950582653284, -0.017662160098552704, -0.054798632860183716, 0.04534628987312317, -0.01833980530500412, -0.0030801675748080015, -0.025863580405712128, -0.008377254009246826, 0.0054716989398002625, 0.008393892087042332, 0.027381351217627525, 0.029628783464431763, -0.04325265437364578, -0.012792503461241722, 0.016110118478536606, -0.04570632055401802, -0.03502834215760231, -0.021107599139213562, 0.029597686603665352, -0.025828098878264427, -0.03363773971796036, 0.12250490486621857, 0.038343366235494614, -0.021103080362081528, 0.012387828901410103, 0.05745252966880798, 0.03967166319489479, -0.009416500106453896, -0.02912197820842266, 0.01731288619339466, -0.009480593726038933, -0.026692520827054977, -0.023537199944257736, -0.013683992438018322, -0.02023458294570446, -0.0005105669843032956, -0.004201176576316357, 0.03822636231780052, -0.006937701255083084, -0.036453068256378174, -0.013087254948914051, -0.01719987764954567, -0.006439561955630779, 0.017288632690906525, 0.04542196914553642, -0.028095336630940437, 0.059980034828186035, 0.0531756728887558, -0.010946397669613361, -0.028443410992622375, -0.03006025403738022, -0.012954232282936573, -0.00870110746473074, -0.03396604582667351, -0.040315236896276474, 0.00019295212405268103, -0.0033164622727781534, -0.0025734473019838333, 0.009654317982494831, -0.04610587656497955, 0.00057697988813743, -0.016408124938607216, -0.016785744577646255, -0.010602745227515697, 0.014138255268335342, -0.04584822431206703, 0.032131630927324295, 0.04248907044529915, 0.005384980700910091, -0.03717172518372536, -0.004258246626704931, 0.013446896336972713, 0.0008114464581012726, 0.048339810222387314, 0.02258642204105854, 0.03157166391611099, -0.013359312899410725, -0.03050706721842289, 0.05052994564175606, 0.0026756268925964832, -0.06417202204465866, -0.004334710072726011, -0.002767079509794712, -0.03103460557758808, -0.02691168710589409, -0.04012155905365944, -0.010228138417005539, -0.009067279286682606, -0.0011821654625236988, -0.0035708406940102577, 0.0007802898180671036, 0.014027649536728859, -0.011835698038339615, -0.034960005432367325, -0.025465019047260284, -0.02322438731789589, 0.04941058158874512, -0.013087174855172634, -0.028499774634838104, -0.0234609954059124, -0.007229278329759836, -0.00519409216940403, -0.045492023229599, -0.00035700452281162143, 0.0371110625565052, 0.0305196363478899, -0.005294372793287039, -0.018647586926817894, 0.04315079748630524, 0.02214829996228218, -0.032117512077093124, -0.0016288995975628495, -0.014345979318022728, -0.0027459412813186646, -0.04484229162335396, 0.02375844493508339, 0.022646913304924965, 0.022677388042211533, 0.005700876470655203, -0.08236224204301834, 0.013029842637479305, -0.006263460032641888, -0.06500259041786194, 0.008007372729480267, -0.04398498311638832, -0.03388139232993126, -0.014711062423884869, 0.006031340919435024, -0.006464544218033552, 0.042060110718011856, -0.009094777517020702, 0.006447077263146639, -0.006742492783814669, -0.043046899139881134, 0.039755795150995255, 0.014690471813082695, -0.004363393411040306, 0.009836988523602486, 0.02886953204870224, 0.02146732248365879, 0.05032948777079582, -0.04247880354523659, -0.019706496968865395, 0.05212491750717163, 0.009870081208646297, 0.030612269416451454, 0.049249760806560516, -0.0002544506569392979, 0.010439461097121239, -0.01933438330888748, 0.011767280288040638, -0.006962760351598263, 0.016489269211888313, -0.012690311297774315, -0.016367485746741295, -0.0036021526902914047, 0.0031343905720859766, -0.027709687128663063, -0.03538985177874565, 0.031204160302877426, -0.02830967865884304, -0.0003240557271055877, -0.02014186792075634, 0.0021752568427473307, 0.01818665862083435, -0.026278773322701454, 0.0530160628259182, 0.017282290384173393, 0.002693034242838621, -0.028155706822872162, -0.03862380236387253, -0.024727489799261093, 0.060750991106033325, -0.04731248691678047, -0.003033418208360672, -0.03490932658314705, -0.03827621787786484, -0.0029901638627052307, 0.0061924755573272705, 0.015684805810451508, -0.028793776407837868, 0.044123683124780655, -0.028559096157550812, -0.05010390654206276, -0.00998983159661293, -0.024650728330016136, 0.0023443412501364946, 0.010300492867827415, -0.0013213803758844733, -0.01062865648418665, -0.040631603449583054, -0.022905681282281876, 0.0143868587911129, 0.004196756985038519, 0.01772843860089779, 0.0446249395608902, 0.027060847729444504, 0.0027185070794075727, 0.00489056808874011, -0.0248261708766222, 0.00986828189343214, -0.04030189290642738, 0.020903239026665688, 0.04674592986702919, -0.02123177982866764, 0.019137347117066383, -0.01077309250831604, -0.012263651937246323, 0.019635161384940147, -0.012020126916468143, -0.012800649739801884, -0.03545736148953438, -0.024119272828102112, -0.020229153335094452, -0.001481720944866538, -0.0214744471013546, 0.005924754310399294, 0.01803230680525303, 0.03450092300772667, 0.05494027957320213, -0.019548004493117332, -0.019040247425436974, -0.0055017778649926186, 0.014469587244093418, -0.17993885278701782, 0.00794009119272232, -0.014646376483142376, 0.019108744338154793, -0.024996807798743248, -0.0040125772356987, -0.03423476591706276, -0.01336292177438736, -0.007492830511182547, -0.026701487600803375, -0.0367073230445385, 0.029872452840209007, 0.009914505295455456, -0.007600846234709024, 0.004668109584599733, 0.025354180485010147, 0.01718577742576599, 0.0015470965299755335, -0.029545046389102936, 0.05192065238952637, 0.00849059782922268, -0.029088106006383896, 0.010947280563414097, 0.004187590442597866, -0.006448543164879084, -0.04677049070596695, -0.01229007076472044, -0.0170696172863245, -0.038330212235450745, -0.017760775983333588, -0.025174541398882866, 0.002100585727021098, 0.01193002238869667, 0.07970654964447021, 0.025419184938073158, 0.014935645274817944, 0.01693149283528328, 0.04412085935473442, -0.02296430431306362, 0.025161491706967354, 0.00491138594225049, 0.03169815614819527, -0.008053517900407314, 0.007500823587179184, -0.00572485476732254, 0.033388689160346985, 0.02214391715824604, 0.005785450339317322, -0.0255503598600626, -0.002993636066094041, 0.0016665507573634386, 0.019462835043668747, -0.010927632451057434, 0.03964633494615555, 0.0038599902763962746, -0.029502639546990395, -0.0177113376557827, 0.03175238519906998, -0.06778788566589355, 0.016597455367445946, -0.005528442561626434, -0.00017432511958759278, -0.04849136993288994, -0.03280865401029587, -0.03932536765933037, 0.01893741637468338, -0.060647379606962204, 0.007065898273140192, -0.016363197937607765, 0.0315273217856884, -0.017778100445866585, -0.02267199382185936, -0.01178044080734253, -0.01452195830643177, 0.04336676746606827, -0.029698709025979042, 0.04783739522099495, 0.007126346696168184, -0.04479632154107094, -0.013667871244251728, -0.045887790620326996, -0.03596643730998039, -0.004623316694051027, 0.017102455720305443, 0.017543850466609, 0.046115290373563766, -0.01672275736927986, 0.004493181128054857, -0.027119413018226624, 0.006583775859326124, -0.041918110102415085, -0.04130975157022476, 0.025838447734713554, 0.024465082213282585, -0.0028304867446422577, 0.018364334478974342, 0.00603841058909893, -0.027944553643465042, -0.0067382436245679855, -0.031285494565963745, -0.05563785508275032, -0.01900397799909115, 0.0005673838895745575, -0.017242971807718277, -0.006178221665322781, -0.010722585953772068, 0.011751895770430565, -0.0011835014447569847, 0.025282006710767746, -0.04381844028830528, -0.048608869314193726, -0.012427113018929958, -0.013923406600952148, 0.008099770173430443, -0.02229696325957775, 0.000573971017729491, 0.008404423482716084, 0.026746125891804695, -0.005544985178858042, -0.055008817464113235, 0.0068040648475289345, 0.02363940328359604, 0.017533592879772186, -0.0532144233584404, 0.022058360278606415, -0.01744662970304489, 0.03886828571557999, 0.036982737481594086, 0.03504134714603424, 0.01842270791530609, 0.030509287491440773, -0.029697591438889503, -0.004559289664030075, 0.013683258555829525, 0.039431750774383545, -0.01387450098991394, -0.05249990522861481, 0.0675370991230011, -0.018049761652946472, -0.02944793365895748, 0.010128865949809551, -0.015487064607441425, -0.021690236404538155, -0.03961480036377907, -0.007022301200777292, 0.009954295121133327, -0.0074249934405088425, 0.02036328613758087, 0.02998930960893631, -0.0026217272970825434, 0.04742283374071121, -0.005037448834627867, 0.0012961567845195532, 0.0753258541226387, 0.03173213079571724, -0.005017859861254692, -0.03228442743420601, 0.03936915844678879, -0.0002007563307415694, 0.06150663271546364, 0.02336893603205681, -0.013601665385067463, -0.010166994296014309, -0.03549296036362648, -0.021659361198544502, -0.011740930378437042, 0.024495387449860573, -0.01868380606174469, -0.030416671186685562, 0.002406494691967964, 0.008465069346129894, -0.015791991725564003, -0.022165343165397644, 0.005706087686121464, 0.03657067194581032, -0.027243077754974365, 0.02122439630329609, -0.005111616104841232, 0.04879938066005707, 0.012644135393202305, 0.0400746688246727, 0.010280943475663662, 0.03884062543511391, 0.018003828823566437, -0.00411046389490366, 0.009077631868422031, 0.0361010879278183, 0.03976907208561897, -0.044606488198041916, 0.0059706359170377254, -0.005083727650344372, -0.0178949236869812, 0.06825938820838928, 0.012095008976757526, 0.03528488054871559, 0.025771206244826317, 0.018246084451675415, 0.01175615843385458, 0.003992575220763683, -0.009037444368004799, 0.028187990188598633, -0.00045090040657669306, 0.004650318995118141, -0.03811904415488243, -0.019946683198213577, 0.007390443701297045, -0.0052544670179486275, 0.03731432557106018, -0.0021452365908771753, 0.04970453679561615, -0.005049239844083786, -0.008830650709569454, -0.05441546067595482, 0.0304072555154562, 0.0031109461560845375, -0.007027185056358576, 0.011060167104005814, 0.013665751554071903, 0.021932339295744896, -0.0027946799527853727, 0.059212006628513336, 0.03272659704089165, -0.021727394312620163, -0.02230726182460785, 0.012745012529194355, -0.0014829616993665695, 0.007142125628888607, -0.0012023898307234049, -0.007747071795165539, -0.01378486305475235, 0.029643744230270386, 0.047148872166872025, -0.010119860991835594, 0.027496984228491783, 0.06529449671506882, -0.001223900355398655, 0.03446034714579582, 0.006051630713045597, -0.07453244179487228, 0.0065719205886125565, 0.034175220876932144, 0.012723560445010662, -0.018269773572683334, -0.02427174709737301]",,
15_1_0_errors_doc_crossorigin_deprecated_mdx_section_2_code_1,code_snippet,15_1_0_errors_doc_crossorigin_deprecated_mdx_section_2,Possible Ways to Fix It - code_1,,"{'programming_language': 'js', 'filename': 'next.config.js', 'switcher': False}",15.1.0,,"module.exports = {
  crossOrigin: 'anonymous',
}
","[(np.int64(7), np.float64(0.0539354607462883)), (np.int64(1647), np.float64(0.14230726659297943)), (np.int64(11737), np.float64(0.30558282136917114)), (np.int64(28175), np.float64(0.1888374388217926)), (np.int64(153837), np.float64(0.2878565490245819))]",,"[-0.022815125063061714, -0.026079794391989708, -0.042861878871917725, 0.016437120735645294, -0.03741879016160965, 0.007661844603717327, 0.01980757899582386, -0.010132603347301483, -0.009678946807980537, -0.0014894992345944047, -0.03098609484732151, 0.030741078779101372, -0.010772397741675377, 0.011588924564421177, 0.00832799170166254, -0.00032550995820201933, 0.021726632490754128, -0.005955453496426344, 0.0031771191861480474, 0.01760609820485115, -0.04226086288690567, 0.019965760409832, -0.021376052871346474, -0.02047247625887394, 0.02384703978896141, 0.006370533723384142, 0.01257973164319992, -0.01579197309911251, -0.021871905773878098, -0.03140927106142044, -0.00561945978552103, 0.010818328708410263, 0.031547531485557556, 0.01710253767669201, -0.00972688477486372, -0.01881273277103901, 0.022235484793782234, 0.018989507108926773, -0.059523750096559525, -0.004906964022666216, 0.0038703330792486668, -0.005856786388903856, -0.008903923444449902, -0.05395021662116051, 0.03297827020287514, -0.04494544491171837, 0.013723582960665226, -0.017006659880280495, -0.05388762056827545, 0.011886470951139927, -0.02376599796116352, -0.0028127694968134165, 0.015735968947410583, -0.0075307320803403854, 0.08507083356380463, 0.032361507415771484, -0.02931952103972435, 0.008183958940207958, -0.04467575252056122, 0.022404517978429794, -0.0009344894788227975, -0.026770776137709618, -0.009711941704154015, 0.03940612077713013, -0.011400222778320312, 0.052842095494270325, 0.00804817397147417, -0.00043724451097659767, 0.007194220088422298, 0.00810569804161787, -0.03953152894973755, -0.0027866705786436796, -0.0049890391528606415, -0.037815243005752563, -0.0766882598400116, 0.008176376111805439, 0.018841365352272987, -0.03411942347884178, -0.0002422784746158868, 0.00010208474122919142, 0.021577276289463043, -0.003966848831623793, -0.00017618383571971208, 0.027764486148953438, 0.032511793076992035, 0.0036572664976119995, -0.003045388264581561, 0.0060225375927984715, 0.006496889982372522, 0.008228737860918045, -0.04350120574235916, -0.05327923223376274, 0.014550138264894485, -0.04688841104507446, -0.038616396486759186, -0.0065749939531087875, -0.006877529434859753, 0.028156502172350883, 0.006496183108538389, 0.034876443445682526, 0.033086568117141724, 0.0027895611710846424, 0.010825607925653458, -0.03305131942033768, 0.02765716426074505, 0.01582913100719452, 0.007936797104775906, 0.02462676167488098, -0.016500234603881836, -0.028413603082299232, 0.00018741250096354634, 0.011972570791840553, -0.007764714770019054, 0.01126156561076641, 0.008113755844533443, -0.023778731003403664, -0.017045726999640465, 0.012647110037505627, -0.040674567222595215, -0.020332880318164825, -0.010636735707521439, 0.034473225474357605, 0.008928067050874233, -0.022546105086803436, -0.00384762161411345, -0.027677735313773155, 0.014070792123675346, 0.019753379747271538, -0.00697347242385149, 0.026805289089679718, 0.010423455387353897, 0.016924284398555756, 0.005798779893666506, -0.022206958383321762, 0.01032441295683384, -0.016517706215381622, 0.007078669033944607, -0.0002593209792394191, 0.008869759738445282, -0.008199462667107582, -0.014295469969511032, -0.02400747314095497, -0.0009321679826825857, -0.01229096483439207, -0.0073470319621264935, -0.0314561128616333, 0.08235906064510345, 0.00929154921323061, 0.003350529121235013, -0.012010090984404087, 0.03559073433279991, 0.005213848315179348, 0.04865986853837967, -0.00876465905457735, 0.05091148242354393, -0.0596759170293808, 0.03954188525676727, 0.02075033262372017, 0.02340748906135559, 0.037997838109731674, -0.027991710230708122, 0.057149481028318405, 0.013499408960342407, -0.015421215444803238, 0.05466675013303757, -0.008195391856133938, -0.012186599895358086, 0.007158014923334122, -0.0017980070551857352, -0.06437642872333527, 0.027191735804080963, -0.03953090310096741, -0.019005101174116135, -0.060568667948246, 0.013670381158590317, 0.009423748590052128, 0.06558053940534592, 0.0014280983014032245, 0.012429310008883476, -0.0251211728900671, -0.010357740335166454, 0.027862535789608955, -0.024203181266784668, 0.010304568335413933, -0.025800790637731552, 0.012627799063920975, 0.0062406472861766815, -0.025291549041867256, 0.00980957131832838, 0.037317320704460144, -0.007947069592773914, 0.008862282149493694, 0.016460003331303596, -0.02166401408612728, 0.02827952429652214, 0.028917625546455383, 0.00657992297783494, 0.014710227958858013, -0.02365104854106903, -0.032159630209207535, -0.034486740827560425, 0.0201175045222044, 0.055907927453517914, 0.018092507496476173, 0.004388503264635801, -0.028952619060873985, -0.005909716244786978, -0.030633829534053802, 0.0030522379092872143, 0.029622618108987808, -0.0281564649194479, 0.01598912477493286, -0.06090501695871353, -0.051621776074171066, -0.018808795139193535, -0.03131624311208725, 0.014781679958105087, -0.01609915867447853, -0.038139708340168, -0.05473949760198593, -0.050150491297245026, 0.0656055212020874, 0.026746630668640137, 0.08826673030853271, 0.007334941066801548, 0.028603874146938324, 0.021981731057167053, 0.01161870826035738, 0.016364434733986855, -0.0001779700833139941, -0.006532303988933563, -0.05576826632022858, 0.019875267520546913, 0.017416929826140404, 0.01703674905002117, -0.02537306770682335, -0.03738215193152428, -0.0025910171680152416, 0.008866816759109497, -0.006037164479494095, 0.011274299584329128, 0.004849926568567753, 0.022833067923784256, -0.011134504340589046, -0.032553836703300476, 0.00649896590039134, 0.011910801753401756, -0.014775077812373638, -0.006498594768345356, -0.05630262568593025, 0.004020162392407656, 0.024669500067830086, 0.0003440666478127241, 0.03778588026762009, 0.022004036232829094, 0.02658274583518505, -0.006693145260214806, -0.015354900620877743, -0.030860479921102524, 0.009697857312858105, 0.037605151534080505, -0.034672901034355164, -0.03637116029858589, 0.00891953520476818, -0.012377596460282803, -0.016277875751256943, -0.05666137859225273, 0.03113948553800583, -0.008794221095740795, -0.029151499271392822, -0.038875680416822433, 0.03172391653060913, 0.0027757936622947454, 0.016328392550349236, -0.007188888266682625, 0.03611243888735771, -0.031956497579813004, -0.022258147597312927, 0.10509292036294937, 0.0012423491571098566, 0.024973386898636818, 0.022834323346614838, 0.04985130950808525, 0.015088880434632301, 0.03135017678141594, -0.0012712256284430623, -0.03323258459568024, 0.032633017748594284, -0.0007687555043958127, -0.015264620073139668, -0.041398316621780396, 0.029915766790509224, 0.06887615472078323, 0.004058315418660641, -0.03751001134514809, -0.03854713216423988, -0.0044151488691568375, -0.15901687741279602, 0.0038669093046337366, 0.03512649983167648, -0.001850192085839808, -0.0002392876340309158, 0.013218451291322708, -0.013357829302549362, -8.898325177142397e-05, -0.023147758096456528, 0.023829275742173195, -0.04977666214108467, -0.06250877678394318, -0.04665899649262428, -0.048628099262714386, -0.026697928085923195, 0.0008595164399594069, -0.007936098612844944, -0.0001094602484954521, 0.012295741587877274, -0.0463537722826004, 0.034498002380132675, -0.0389881506562233, 0.06069537624716759, 0.03049485571682453, 0.0019319498678669333, -0.04245210811495781, -0.0003858389682136476, 0.008962555788457394, 0.002925284206867218, -0.013306284323334694, 0.005590653512626886, 0.010300199501216412, 0.003782512154430151, 0.027943046763539314, -0.012461635284125805, 0.016814693808555603, -0.006177233532071114, 0.03834230825304985, 0.022184040397405624, 0.0059201340191066265, 0.015394114889204502, -0.025315234437584877, -0.04803275316953659, 0.032095495611429214, -0.014304623007774353, -0.007410534657537937, 0.017096292227506638, -0.0031390299554914236, -0.03830820694565773, -0.00767085887491703, 0.024174416437745094, -0.01620597578585148, -0.0331554040312767, -0.00891783181577921, -0.008474049158394337, 0.07920751720666885, 0.022037839516997337, -0.020378869026899338, -0.037188202142715454, 0.023530276492238045, -0.006137072574347258, -0.016344662755727768, -7.247672328958288e-05, -0.02526756003499031, 0.0015887257177382708, -0.018596123903989792, 0.04437378793954849, -0.01758389174938202, 0.015750551596283913, 0.010711252689361572, 0.013367854990065098, -0.020094674080610275, -0.0006709133158437908, 0.01920146308839321, -0.04255099967122078, 0.011074509471654892, 0.00403657928109169, -0.010284874588251114, -0.00524469930678606, -0.10047440975904465, -0.02592458762228489, -0.012956549413502216, -0.023820040747523308, -0.02365930564701557, -0.01778845675289631, -0.04998573660850525, 0.048087120056152344, 0.032354362308979034, 0.027665438130497932, 0.23739010095596313, 0.040982749313116074, -0.025191210210323334, 0.012659182772040367, 0.04955552890896797, -0.017705785110592842, 0.014967125840485096, 0.010076216422021389, -0.010568248108029366, -0.04326973855495453, 0.002481515519320965, 0.07984582334756851, -0.011936716735363007, -0.008872950449585915, -0.011697161942720413, 0.011945503763854504, -0.027902156114578247, 0.020367134362459183, 0.07163790613412857, -0.020706400275230408, 0.006830231752246618, -0.057304661720991135, 0.018405208364129066, 0.009025072678923607, -0.05068766325712204, -0.02632681280374527, -0.00306565104983747, 0.005542173516005278, 0.005453660152852535, 0.026590747758746147, -0.012478084303438663, 0.023189740255475044, 0.07969845831394196, -0.012482255697250366, -0.06401639431715012, 0.03569415211677551, 0.08350067585706711, -0.056273266673088074, 0.011784856207668781, 0.04184473678469658, -0.06880506128072739, -0.01861601136624813, 0.016025641933083534, 0.007209484465420246, -0.007078669033944607, -0.043743036687374115, 0.02085697092115879, -0.005997464992105961, 0.010561708360910416, 0.008306005038321018, 0.0217283982783556, -0.01347263902425766, -0.017440881580114365, -0.02734350971877575, 0.03477687016129494, -0.004527203273028135, -0.010699461214244366, 0.028493382036685944, -0.01613958366215229, 0.009789415635168552, 0.06458725780248642, 0.012210260145366192, -0.03512849658727646, -0.0054674395360052586, 0.03356856852769852, 0.03746234253048897, -0.029147885739803314, -0.05111121013760567, 0.02223370224237442, 0.06241854652762413, 0.008882229216396809, 0.01717597246170044, 0.0007790425443090498, -0.0237216055393219, 0.012682612054049969, 0.0042960066348314285, 0.04634798318147659, 0.030371468514204025, 0.029120638966560364, 0.017635036259889603, 0.019296016544103622, -0.006417536176741123, -0.021742498502135277, 0.023579994216561317, -0.006340746767818928, -0.03176271915435791, -0.00509719830006361, 0.035284120589494705, -0.037648893892765045, -0.05501706153154373, -0.012918952852487564, -0.020573675632476807, -0.02501794509589672, 0.048100151121616364, 0.008921293541789055, -0.009005696512758732, -0.016980113461613655, 0.021060774102807045, -0.033884402364492416, -0.0010950536234304309, -0.0008966714958660305, -0.0384574718773365, 0.0037658419460058212, -0.03790366277098656, -0.007031720597296953, 0.01084825024008751, -0.0575852170586586, -0.013183427974581718, 0.024858888238668442, 0.0023401130456477404, -0.045583777129650116, 0.026574598625302315, -0.019884129986166954, -0.022197214886546135, 0.03362640365958214, 0.05120256915688515, -0.02246275171637535, 0.02195519395172596, 0.04324178025126457, -0.006818437483161688, -0.016367193311452866, -0.053346335887908936, -0.03746224567294121, 0.03323214128613472, -0.03202371671795845, -0.03508869558572769, -0.0633319541811943, 0.02712705358862877, -0.01657242700457573, 0.026086583733558655, 0.014569063670933247, -0.012403438799083233, -0.009840359911322594, 0.023038117215037346, 0.019828759133815765, 0.03455814719200134, 0.03304356709122658, 0.048146121203899384, -0.04882638156414032, -0.008655872195959091, 0.001250429661013186, 0.09211413562297821, -0.009509189985692501, 0.012372893281280994, 0.019988592714071274, 0.006928738206624985, 0.046820539981126785, 0.01844741217792034, 0.015331343747675419, 0.018345408141613007, 0.02094290219247341, 0.027525238692760468, -0.0007310113287530839, -0.0419854074716568, 0.010967734269797802, -0.003888144390657544, -0.006284899078309536, 0.026357334107160568, -0.013107851147651672, -0.013591375201940536, 0.010133457370102406, 0.025395404547452927, 0.0455639623105526, 0.06301107257604599, -0.03588217869400978, 6.315682549029589e-05, -0.04390215873718262, 0.01636381819844246, 0.025248413905501366, -0.036661941558122635, 0.019009502604603767, -0.02845843695104122, -0.0575859434902668, 0.03650065138936043, 0.04429115727543831, -0.06532229483127594, -0.06270478665828705, -0.01893836073577404, -0.03659306466579437, -0.027810372412204742, 0.010307368822395802, -0.046134497970342636, -0.02118578366935253, -0.007872450165450573, 0.018091442063450813, -0.03366319090127945, -0.04547940567135811, -0.007327874191105366, -0.018892662599682808, -0.04012204334139824, -0.006588696036487818, 0.0902569517493248, 0.03018924593925476, -0.013203427195549011, 0.019251961261034012, -0.03446076437830925, -0.031067684292793274, 0.01687883399426937, 0.00859697163105011, 0.01845668815076351, 0.0007899807533249259, 0.0051641762256622314, 0.007123488001525402, -0.05644774064421654, 0.007077353540807962, 0.004773799329996109, -0.04253239929676056, 0.023513153195381165, -0.016048956662416458, -0.008332036435604095, -0.06796297430992126, 0.0006345032015815377, 0.0035575737711042166, -0.03333449736237526, 0.03718089684844017, -0.013993853703141212, 0.06591331213712692, 0.008507145568728447, -0.017887024208903313, -0.055158644914627075, -0.03515635430812836, 0.021257782354950905, 0.0019916414748877287, -0.028392789885401726, -0.009223188273608685, -0.04002813994884491, -0.005944383796304464, -0.03486255928874016, 0.022785905748605728, 0.0014708790695294738, 0.0022683271672576666, 0.0034328994806855917, 0.0112559599801898, -0.025756822898983955, 0.03395511582493782, 0.0009430708596482873, -0.008310030214488506, 0.03208567202091217, 0.02506767027080059, -0.00986792054027319, 0.041716158390045166, -0.03422271087765694, -0.029238322749733925, 0.02105964533984661, 0.01008317805826664, 0.03924090415239334, -0.02042505331337452, -0.04451167583465576, 0.04982409253716469, 0.001757024903781712, -0.006290086545050144, 0.028871450573205948, 0.0261903777718544, -0.009539829567074776, -0.012254503555595875, 0.058800987899303436, -0.005339992232620716, 0.025264229625463486, 0.021804317831993103, 0.03689839690923691, -0.04718724638223648, 0.020325398072600365, -0.021298503503203392, 0.0189213864505291, -0.0340372696518898, -0.035317644476890564, 0.005950019229203463, -0.02555782161653042, -0.03564481809735298, 0.021451154723763466, -0.04517904669046402, -0.020322969183325768, -0.00943662878125906, 0.011871549300849438, 0.03720109537243843, 0.0076674711890518665, -0.052940111607313156, -0.02805720642209053, 0.06060156971216202, 0.04984017089009285, -0.050377871841192245, 0.007319730706512928, 0.026363354176282883, -0.007364251185208559, 0.027839984744787216, 0.04567026346921921, 0.026056967675685883, 0.027842257171869278, 0.012085321359336376, -0.07064127177000046, -0.018800508230924606, 0.003945471253246069, -0.04039681702852249, -0.00929254200309515, 0.013095022179186344, -0.016385098919272423, -0.026598218828439713, 0.06163778156042099, -0.027345148846507072, 0.0005998882697895169, -0.016312986612319946, -0.002444994170218706, 0.002797346329316497, 0.0015738600632175803, 0.03479734808206558, -0.007785786408931017, -0.00978230033069849, -0.03624816611409187, -0.021323975175619125, 0.02857987955212593, 0.008760268799960613, 0.01616145670413971, -0.005179541185498238, 0.009762212634086609, 0.02349938079714775, -0.046155933290719986, 0.0834658071398735, 0.009320251643657684, -0.025205187499523163, 0.008592737838625908, 0.027187740430235863, -0.019483080133795738, -0.018366383388638496, -0.02261732891201973, -0.040538668632507324, 0.008677422069013119, 0.03800448402762413, -0.009976758621633053, 0.02604973316192627, -0.04629448428750038, -0.035332657396793365, 0.009432590566575527, 0.009237595833837986, -0.022251054644584656, 0.044562749564647675, -0.014892795123159885, -0.016935771331191063, -0.004537747707217932, 0.02620619349181652, -0.016286134719848633, -0.010688855312764645, -0.02195153944194317, 0.09009499847888947, -0.05104544386267662, 0.039291657507419586, -0.05404248833656311, -0.007434283383190632, -0.006329249124974012, 0.002858478343114257, -0.042610619217157364, -0.028398754075169563, 0.06814408302307129, -0.01960803009569645, -0.05354734882712364, 0.0286711435765028, 0.004526986740529537, -0.0026282963808625937, 0.03706808388233185, -0.019567037001252174, 0.0066007450222969055, -0.020625382661819458, -0.006328072398900986, -0.02887708693742752, -0.019811924546957016, 0.0034728976897895336, 0.010580794885754585, -0.011531156487762928, 0.03334858641028404, 0.008003424853086472, 0.013994245789945126, -0.005165517330169678, 0.025094585493206978, 0.021588167175650597, 0.03858398646116257, -0.021938076242804527, 0.05305146798491478, -0.04860147461295128, 0.0016817981377243996, 0.03429708629846573, -0.051788412034511566, 0.02573234774172306, -0.018879784271121025, -0.05490485578775406, -0.028151793405413628, 0.02900879457592964, 0.026464806869626045, 0.030567096546292305, 0.020015710964798927, -0.009742379188537598, -0.0010568085126578808, -0.00039576744893565774, -0.0011767811374738812, -0.05785387009382248, -0.006476622074842453, -0.14549769461154938, 0.007217864505946636, -0.02497250773012638, -0.02098030596971512, -0.044238556176424026, 0.0020004920661449432, -0.006233823020011187, -0.07106902450323105, 0.02269035577774048, 0.0022349171340465546, -0.05216172710061073, -0.020878328010439873, 0.010606816038489342, -0.030407577753067017, -0.0026748268865048885, 0.021766332909464836, -0.0064040254801511765, -0.006219842936843634, -0.014878912828862667, -0.022907067090272903, -0.011367112398147583, -0.021811524406075478, -0.002339069964364171, 0.0022597976494580507, -0.007569448556751013, -0.015398534946143627, -0.02396451123058796, 0.009225226007401943, -0.01766480877995491, -0.011172999627888203, 0.014270053245127201, -0.01331156026571989, -0.004564663395285606, 0.0655546560883522, 0.02196754328906536, 0.019003959372639656, 0.034332145005464554, -0.014121447689831257, -0.039475955069065094, 0.0027760386001318693, 0.023639103397727013, 0.015624391846358776, -0.03276413306593895, -0.015621105208992958, 0.05798869580030441, 0.004402530379593372, 0.04375201091170311, 0.021366111934185028, -0.037457697093486786, -0.023058470338582993, -0.03308945521712303, 0.036032844334840775, -0.04045720770955086, 0.019394442439079285, 0.04937731474637985, -0.04276403784751892, -0.059465132653713226, -0.007304418832063675, -0.03226146847009659, 0.02332812361419201, -0.037449534982442856, 0.03666211664676666, -0.03122904524207115, -0.03392812982201576, 0.012470378540456295, 0.005290559027343988, -0.05204327404499054, 0.005924927536398172, -0.0034797030966728926, 0.03369448333978653, -0.01877923309803009, -0.012691314332187176, 0.008807179518043995, -0.03605181723833084, 0.023747636005282402, -0.004552536178380251, 0.031134063377976418, -0.041474126279354095, -0.029875334352254868, -0.05747825279831886, -0.02755669690668583, -0.01723393425345421, -0.05023879557847977, 0.022772174328565598, 0.03518526628613472, 0.022970963269472122, -0.04991219937801361, 0.013674232177436352, -0.05575624480843544, 0.017739562317728996, -0.061761803925037384, -0.011633461341261864, -0.0011796262115240097, 0.012216057628393173, -0.03908205404877663, 0.04249107092618942, -0.03372496739029884, 0.02182268165051937, 0.004849900957196951, -4.433381400303915e-05, 0.011499416083097458, -0.04331282153725624, -0.007081308867782354, 0.04380463436245918, 0.006284372881054878, 0.028259776532649994, 0.02993597276508808, 0.0009487575734965503, -0.0001587397127877921, -0.02067391201853752, -0.036266375333070755, 0.028948264196515083, -0.001444997382350266, -0.015956468880176544, -0.03715745732188225, 0.04083212465047836, 0.014371858909726143, 0.010167093947529793, 0.016955191269516945, -0.026492753997445107, -0.021877463907003403, -0.028231652453541756, 0.0004865311784669757, -0.03605981916189194, -0.021003762260079384, 0.044875115156173706, 0.014748717658221722, 0.029680974781513214, -0.008714268915355206, -0.007089497055858374, 0.022685913369059563, -0.033382125198841095, 0.01149724144488573, 0.0003236119810026139, 0.08257492631673813, 0.00044177964446134865, -0.03610615432262421, 0.05820668116211891, -0.05476948991417885, -0.04774037003517151, -0.020868608728051186, -0.028707023710012436, -0.0006599579355679452, -0.022381389513611794, -0.013305745087563992, 0.0074500129558146, 0.0021400752011686563, -0.00344263412989676, -0.026590613648295403, -0.004556295927613974, 0.012510732747614384, 0.020973268896341324, 0.010084415785968304, 0.02825426310300827, 0.011748606339097023, 0.0070426687598228455, -0.05765007436275482, 0.01949942298233509, 0.025244591757655144, 0.042518310248851776, -0.011376782320439816, -0.044859062880277634, 0.014592153951525688, 0.013426977209746838, -0.018391309306025505, -0.008189275860786438, -0.03555533289909363, 0.004299100022763014, 0.011308456771075726, 0.010236173868179321, 0.012963514775037766, 0.0441242940723896, -0.0377376489341259, 0.03494745492935181, 0.01992790773510933, -0.024600112810730934, 0.013569098897278309, -0.03382206708192825, 0.009822484105825424, -0.019295327365398407, 0.002236410742625594, -0.013459193520247936, 0.05644671246409416, 0.0347578264772892, -0.00849857646971941, 0.03649751469492912, -0.007020037155598402, 0.005420437548309565, -0.02225327119231224, 0.002693772781640291, 0.005037819035351276, -0.022523684427142143, -0.029438015073537827, 0.005347841884940863, 0.0036837649531662464, -0.005861719138920307, -0.0018781989347189665, 0.014010324142873287, -0.016144072636961937, 0.06662362813949585, -0.01571919582784176, 0.017585963010787964, -0.026849698275327682, 0.01654765196144581, -0.010375245474278927, -0.01211023610085249, -0.060884665697813034, 0.03550161421298981, 0.005708689801394939, 0.02229650877416134, -0.013462236151099205, -0.002861501183360815, -0.02439294382929802, 0.005985113326460123, 0.0028288760222494602, 0.016486937180161476, 0.026488913223147392, 0.04339287430047989, 0.05900851637125015, 0.014662697911262512, 0.005660704802721739, 0.010505481623113155, -0.007803328335285187, 0.04855882748961449, -0.007288698572665453, 0.0028527206741273403, -0.01959482580423355, 0.03577454388141632, 0.0193170253187418, -0.01013891864567995, -0.04297506809234619, 0.020782440900802612, 0.025123674422502518, 0.06476220488548279, 0.030622219666838646, 0.01742813177406788, 0.09714502841234207, 0.01657315157353878, -0.001640747650526464, -0.007700963877141476, -0.014543899334967136, 0.02059071883559227, 0.009431816637516022, -0.018414119258522987]",
15_1_0_errors_doc_crossorigin_deprecated_mdx_section_3,section,15_1_0_errors_doc_crossorigin_deprecated_mdx,`Head` or `NextScript` attribute `crossOrigin` is deprecated - Useful Links,,{},15.1.0,"[https://github.com/vercel/next.js/issues/5674](https://github.com/vercel/next.js/issues/5674)
",,"[(np.int64(8), np.float64(0.1510578989982605)), (np.int64(13), np.float64(0.02921357750892639)), (np.int64(73), np.float64(0.17386426031589508)), (np.int64(83), np.float64(0.05250042676925659)), (np.int64(670), np.float64(0.13934235274791718)), (np.int64(707), np.float64(0.03255964815616608)), (np.int64(712), np.float64(0.17331930994987488)), (np.int64(1135), np.float64(0.048431962728500366)), (np.int64(4460), np.float64(0.1656796783208847)), (np.int64(4692), np.float64(0.17816928029060364)), (np.int64(7844), np.float64(0.04352407902479172)), (np.int64(10384), np.float64(0.2234150469303131)), (np.int64(13025), np.float64(0.1540209800004959)), (np.int64(36836), np.float64(0.12158995866775513)), (np.int64(57890), np.float64(0.19476540386676788)), (np.int64(81280), np.float64(0.1848803162574768)), (np.int64(95665), np.float64(0.19553038477897644)), (np.int64(147845), np.float64(0.2719497084617615)), (np.int64(150380), np.float64(0.22636157274246216))]","[-0.014143030159175396, -0.002620311686769128, -0.015786821022629738, -0.0028572597075253725, -0.03373095393180847, 0.03365000709891319, 0.03093085065484047, 0.0242886021733284, -0.018757015466690063, 0.006693981122225523, 0.020434178411960602, -0.0068378690630197525, 0.02886802703142166, 0.00742878345772624, 0.00555862532928586, -0.023485319688916206, -0.0037980449851602316, 0.0005820165970362723, 0.018331779167056084, -0.07503005117177963, 0.0418953113257885, 0.020386407151818275, 0.035656798630952835, 0.04060738533735275, 0.022787809371948242, 0.014463827013969421, 0.010391906835138798, -0.003204525914043188, -0.018354136496782303, 0.003065098775550723, 0.010270983912050724, 0.011092081665992737, 0.05234712362289429, 0.007828041911125183, -0.03522331267595291, -0.048021283000707626, -0.011596482247114182, -0.028790749609470367, -0.04290727153420448, 0.06128349527716637, 0.011824247427284718, 0.012476541101932526, 0.01737920008599758, -0.023089244961738586, 0.05250788852572441, -0.052106596529483795, 0.013148226775228977, -0.013607403263449669, -0.02357335574924946, 0.00659560039639473, -0.04699639230966568, -0.012223671190440655, 0.03951287269592285, -0.013182608410716057, 0.05122014135122299, 0.03730493783950806, 0.025602087378501892, -0.049283839762210846, -0.02871161699295044, 0.02476264163851738, -0.014989136718213558, -0.011572375893592834, -0.044349152594804764, 0.017880693078041077, 0.0310041680932045, 0.06038712337613106, -0.010798503644764423, 0.009225267916917801, -0.025256481021642685, -0.041783060878515244, 0.008116253651678562, 0.014880146831274033, 0.01572801172733307, -0.053035918623209, -0.03293389454483986, 0.014727451838552952, 0.00559145538136363, -0.02091289684176445, 0.026964416727423668, -0.0014011987950652838, 0.017529912292957306, -0.005541286896914244, 0.045846227556467056, -0.04844876751303673, -0.0006446915795095265, 0.014659120701253414, -0.017711319029331207, 0.04397288337349892, 0.05334031954407692, 0.036772165447473526, 0.027364859357476234, -0.039007339626550674, -0.008721588179469109, -0.04503403976559639, -0.0024962502066046, 0.019202636554837227, -0.02150968462228775, 0.023086054250597954, 0.09387490153312683, 0.0020536757074296474, -0.0021796778310090303, -0.020294778048992157, -0.0031115913297981024, -0.030135031789541245, 0.013863327912986279, 0.038590721786022186, 0.0444624088704586, 0.01587059162557125, -0.0008973371586762369, -0.022842662408947945, 0.0246942900121212, 0.0070379613898694515, -0.011334333568811417, 0.01715965010225773, 0.020166365429759026, -0.05739571154117584, -0.05180736258625984, -0.03674043342471123, -0.004177887924015522, -0.03584380820393562, 0.04859299585223198, -0.006160073447972536, 0.07493238151073456, -0.046948548406362534, 0.02075832523405552, -0.019262975081801414, -0.019200269132852554, 0.0032738500740379095, -0.00792049989104271, 0.03426629677414894, 0.0040530250407755375, 0.008699584752321243, 0.004140167497098446, 0.011181147769093513, -0.004377185367047787, 0.015825925394892693, -0.03886030241847038, -0.016379594802856445, 0.026552321389317513, -0.024454206228256226, 0.0415240041911602, -0.025627795606851578, 0.027211587876081467, -0.037746358662843704, 0.05246656388044357, -0.012700991705060005, 0.05646644905209541, 0.028459690511226654, 0.02418884076178074, -0.04518323391675949, 0.005705937277525663, 0.04001960530877113, 0.03980781137943268, 0.01531175896525383, -0.013276325538754463, -0.024433469399809837, -0.0033265557140111923, -0.021989207714796066, -0.03154245391488075, 0.001527294865809381, -0.0656166672706604, -0.014210610650479794, -0.0508243665099144, 0.0008494033245369792, 0.031596723943948746, 0.019713571295142174, 0.012778949923813343, -0.013427001424133778, -0.044890232384204865, -0.03721342235803604, -0.008543887175619602, -0.021379971876740456, 0.0401965007185936, -0.016229446977376938, 0.014848019927740097, 0.026834478601813316, 0.06455566734075546, 0.01890731230378151, 0.020054949447512627, -0.009870472364127636, -0.031132632866501808, 0.02258036658167839, -0.006699445657432079, -0.04398876056075096, -0.0323454923927784, 0.00956022273749113, 0.014905637130141258, -0.016808049753308296, 0.002559916116297245, 0.02408013492822647, -0.037227146327495575, -0.005371496547013521, 0.04750299081206322, -0.029918529093265533, 0.03364258259534836, -0.0012284009717404842, 0.027866806834936142, -0.02717721275985241, 0.012160622514784336, -0.042549654841423035, -0.04686998575925827, -0.005100686568766832, 0.02614421769976616, -3.520527025102638e-05, -0.027188679203391075, -0.021442875266075134, 0.021971475332975388, -0.015446393750607967, 0.022801510989665985, -0.030876386910676956, -0.010414531454443932, 0.01744704321026802, -0.0401969812810421, 0.023755986243486404, -0.05812542885541916, 0.020011920481920242, 0.004854737315326929, 0.015453759580850601, 0.031837742775678635, -0.03152798116207123, -0.02122632972896099, 0.014687681570649147, 0.003304426558315754, 0.022875430062413216, 0.012363010086119175, -0.01716507039964199, 0.026229845359921455, 0.056445445865392685, 0.00826278142631054, -0.008401497267186642, -0.04707459360361099, -0.03173147514462471, 0.06463053077459335, -0.064952053129673, 0.04399295896291733, -0.01784355938434601, -0.006812261883169413, 0.0018989460077136755, 0.0017152507789433002, -0.024695146828889847, 0.024565240368247032, -0.04834170266985893, 0.02826828323304653, -0.015297847799956799, -0.0470857247710228, 0.002360585844144225, 0.018822891637682915, 0.04665474593639374, -0.020407838746905327, -0.023496311157941818, 0.052839525043964386, 0.009288660250604153, 0.002074333606287837, 0.0036433411296457052, 0.0072173974476754665, 0.01654919423162937, 0.0028770689386874437, -0.021460942924022675, -0.04900070279836655, -0.02877439558506012, 0.030826618894934654, 0.04990158975124359, 0.008142437785863876, 0.013476508669555187, 0.039839524775743484, 0.01212628185749054, 0.0011077732779085636, 0.022074369713664055, -0.007103416137397289, 0.007488107308745384, -0.029386380687355995, 0.0039010655600577593, 0.009612941183149815, -0.011948397383093834, -0.054216597229242325, 0.00876777246594429, -0.02422078512609005, -0.012110771611332893, 0.07319273799657822, 0.02081661857664585, -0.009000292047858238, 0.029549043625593185, 0.03021925874054432, 0.006672591436654329, 0.07085851579904556, -0.029424253851175308, 0.0010755438124760985, -0.04890367388725281, 0.03629462048411369, -0.030419087037444115, -0.019520599395036697, 0.009403294883668423, 0.04870270937681198, -0.03396281599998474, -0.00966444332152605, 0.03847524896264076, 0.005506431218236685, -0.15198244154453278, -0.015481104142963886, 0.05619818717241287, 0.022490626201033592, -0.0066777728497982025, 0.008909333497285843, -0.04509199783205986, 0.016395268961787224, -0.013336707837879658, 0.024868646636605263, -0.02733319252729416, -0.059593118727207184, -0.007233580574393272, -0.02305419184267521, 0.0008962402353063226, 0.05105728283524513, -0.04094982519745827, -0.01346698310226202, 0.000595619436353445, -0.05335896462202072, -0.0185963474214077, -0.018448036164045334, 0.03669532760977745, -0.0039691622368991375, -0.011052359826862812, -0.021792929619550705, 0.024326955899596214, -0.004986334592103958, -0.018159758299589157, 0.021754775196313858, -0.028023669496178627, -0.020654859021306038, -0.003983689937740564, 0.0007274812669493258, 0.020970171317458153, 0.044277090579271317, 0.030025415122509003, -0.017335452139377594, -0.009750418365001678, -0.02694663777947426, 0.020503029227256775, 0.05850724130868912, -0.03339341655373573, -0.018786976113915443, 0.053603395819664, -0.021809637546539307, 0.030673258006572723, -0.019877607002854347, -0.02826383151113987, -0.0532812774181366, -0.0010395828867331147, -0.0004263556329533458, -0.013202842324972153, -0.036686334758996964, -0.035363733768463135, 0.03582374006509781, 0.0410362146794796, 0.01986025832593441, -0.023299748077988625, -0.007373828440904617, -0.031079832464456558, -0.04621797055006027, 0.04295188561081886, 0.023430906236171722, -0.03203442692756653, 0.00928040686994791, 0.024454159662127495, -0.008836043067276478, 0.00719641987234354, -0.023870497941970825, 0.0535033643245697, -0.03484193608164787, 0.011376993730664253, -0.007128704804927111, -0.015412505716085434, -0.0026487235445529222, -0.040628887712955475, -0.04158542677760124, 0.036933932453393936, -0.1159307211637497, 0.027307571843266487, 0.016271181404590607, 0.010662529617547989, 0.025760533288121223, -0.05050138384103775, 0.03406688943505287, -0.02664288878440857, -0.01364875864237547, 0.025262989103794098, 0.27841997146606445, 0.017437709495425224, 0.0019396133720874786, 0.01338689774274826, 0.037549056112766266, -0.03098154254257679, 0.050299838185310364, 0.008413431234657764, 0.04046373441815376, -0.06656642258167267, 0.005406385287642479, -0.00512417359277606, -0.027139360085129738, -0.0012323594419285655, -0.015484076924622059, 0.05301199108362198, -0.04831428453326225, 0.04820406809449196, 0.060472503304481506, -0.05859249830245972, 0.008799238130450249, -0.045535337179899216, -0.0023815210442990065, -0.006552555598318577, -0.09977591782808304, -0.030312446877360344, -0.01971159689128399, -0.01689344085752964, 0.0016419655876234174, 0.026507670059800148, -0.046331848949193954, 0.044418491423130035, 0.04509206488728523, -0.03394678235054016, -0.047605082392692566, -0.015421004965901375, 0.03526376560330391, -0.01889096200466156, 0.0009465354960411787, 0.0037482446059584618, -0.028377534821629524, 0.007825848646461964, 0.020548520609736443, 0.023495910689234734, -0.02469383180141449, -0.05066739022731781, -0.011169150471687317, -0.011881128884851933, -0.009926911443471909, -0.019971366971731186, -0.006000641733407974, -0.04035089537501335, -0.00904457364231348, 0.0024333444889634848, 0.014937019906938076, -0.025552798062562943, -0.013388792052865028, -0.004468787927180529, 0.030717652291059494, 0.026254620403051376, 0.04561149328947067, 0.005627263803035021, -0.023842105641961098, 0.004042455926537514, -0.03621844947338104, -0.005450714845210314, 0.04126328229904175, -0.04248027876019478, 0.05333550274372101, 0.02525264397263527, -0.04228625446557999, 0.013863402418792248, 0.004754102788865566, -0.03070024400949478, -0.010486733168363571, -0.0037467190995812416, 0.03176130726933479, 0.047767989337444305, -0.02962315082550049, 0.04409507289528847, -0.030433442443609238, 0.019353147596120834, -0.04515482485294342, 0.039812952280044556, 0.0175931416451931, -0.021177168935537338, 0.040156759321689606, 0.04003022611141205, -0.0372820720076561, -0.03669080510735512, -0.025815103203058243, 0.014353171922266483, -0.006436927244067192, 0.036991365253925323, -0.008464234881103039, 0.016326822340488434, -0.0008333606529049575, -0.033125072717666626, -0.04660113528370857, 0.034121010452508926, -0.0070801968686282635, -0.0006206102552823722, 0.011797619983553886, -0.03556617721915245, -0.006085076369345188, -0.0708158016204834, -0.008171883411705494, -0.006642456166446209, 0.027841057628393173, -0.011849734000861645, -0.014888327568769455, 0.0005631367675960064, 0.013428610749542713, -0.01965276524424553, -0.01623375713825226, 0.017797159031033516, 0.04624450206756592, 0.0035961789544671774, 0.04944205656647682, 0.02688535489141941, 0.01149851456284523, -0.00435582734644413, -0.03787322714924812, 0.017869438976049423, -0.019777987152338028, -0.03923044353723526, -0.03186643868684769, 0.04308944568037987, -0.01571337692439556, 0.0010230097686871886, 0.06097247079014778, -0.028498604893684387, -0.043213024735450745, 0.020070990547537804, 0.030857417732477188, 0.030155550688505173, 0.03636747598648071, 0.02993731200695038, -0.004218612797558308, 0.001688063028268516, -0.025633933022618294, -0.032901015132665634, 0.01065593957901001, -0.0381997749209404, 0.01572452113032341, 0.03143179416656494, -0.01182100921869278, -0.012491598725318909, 0.0018851974746212363, 0.026900198310613632, 0.03459774702787399, 0.06702479720115662, 0.0006566218798980117, -0.055166810750961304, -0.022755105048418045, -0.05024690553545952, -0.015595276840031147, -0.007037509698420763, -0.01901012286543846, -0.0036497758701443672, 0.0035576371010392904, 0.009449713863432407, -0.028187207877635956, 0.05685579031705856, -0.012026828713715076, 0.01535416953265667, -0.0331631638109684, 0.035586290061473846, 0.02252226695418358, -0.0013978577917441726, 0.009638701565563679, -0.032017000019550323, -0.04495057836174965, 0.0480659082531929, 0.019968625158071518, -0.016198229044675827, -0.051886823028326035, -0.020810037851333618, -0.015102498233318329, -0.033392585813999176, 0.007567645516246557, -0.03467109426856041, -0.010335607454180717, -0.0364602692425251, 0.04535543918609619, -0.0005599245196208358, -0.004000082612037659, -0.030998798087239265, 0.024846728891134262, -0.015831252560019493, -0.04808959364891052, 0.13207215070724487, 0.013936893083155155, -0.020064901560544968, 0.03248040750622749, -0.01650863140821457, 0.05679703876376152, 0.019262133166193962, 0.007235221564769745, -0.022976554930210114, 0.026273272931575775, -0.003793365554884076, 0.02118985913693905, -0.004396533593535423, 0.02306012250483036, -0.02520182728767395, -0.020528703927993774, 0.0007128720171749592, -0.016706909984350204, 0.022259440273046494, -0.025517400354146957, 0.03782637417316437, -0.04277481883764267, -0.04846024140715599, 0.008968420326709747, -0.025807606056332588, 0.049991775304079056, 0.009497257880866528, -0.01564463973045349, -0.022742848843336105, -0.04878002777695656, -0.006878561340272427, 0.03177778422832489, -0.024249998852610588, 0.009849068708717823, -0.0008180942386388779, 0.015266550704836845, -0.0165080688893795, 0.02938656136393547, 0.008704000152647495, -0.005796387791633606, 0.02041882835328579, 0.006685982458293438, -0.022357869893312454, 0.007867586798965931, 0.03976725786924362, 0.04738549515604973, 0.0198725163936615, -0.004674771334975958, 0.01634317822754383, -0.020192084833979607, -0.005046111065894365, 0.055607765913009644, 0.030042169615626335, 0.004135293420404196, 0.028913704678416252, -0.024781376123428345, 0.0023019667714834213, 0.04011823982000351, 0.02631775103509426, -0.02377234771847725, -0.051095325499773026, 0.02039932832121849, 0.012193011119961739, 0.0636507049202919, -0.011358526535332203, -0.009155528619885445, -0.030733009800314903, -0.004953801166266203, -0.016867153346538544, -0.034004468470811844, 0.009928526356816292, 0.003130266908556223, 0.02430017851293087, -0.025520220398902893, -0.032507460564374924, 0.034506309777498245, -0.018452070653438568, -0.02350168488919735, -0.04479540139436722, -0.03094194084405899, -0.004378580022603273, 0.0003225379914510995, -0.018602948635816574, 0.0008359850035049021, 0.03122902661561966, -0.014663833193480968, -0.02191370725631714, -0.027088001370429993, -0.038143377751111984, -0.012306638062000275, -0.0035805534571409225, 0.023084096610546112, 0.021223098039627075, 0.006223016418516636, 0.05029600113630295, 0.03346060588955879, 0.020931897684931755, -0.029307618737220764, -0.06334095448255539, 0.0023302168119698763, 0.005686979275196791, -0.041599757969379425, 0.007519085425883532, 0.021708952262997627, 0.001399216242134571, -0.03296873718500137, 0.031081587076187134, -0.02821953222155571, 0.0004869233234785497, -0.0028274706564843655, -0.036372002214193344, 0.023106295615434647, -0.02655324898660183, -0.06811770796775818, 0.026605496183037758, -0.021561600267887115, -0.005141774192452431, -0.0028120302595198154, -0.01878903992474079, -0.05255086347460747, -0.04425288736820221, 0.04830719903111458, 0.030707785859704018, 0.03094812110066414, -0.016478942707180977, 0.043836288154125214, -0.06387849897146225, 0.008199223317205906, -0.017010141164064407, 0.005329382140189409, -0.006924660876393318, -0.025096602737903595, 0.0015576513251289725, 0.004855368752032518, 0.006965952925384045, 0.06603396683931351, -0.013110233470797539, -0.028869476169347763, 0.00665977131575346, -0.03519389033317566, -0.002566788112744689, -0.028620902448892593, -0.020762834697961807, -0.02818276919424534, -0.03542095050215721, -0.022969268262386322, -0.04409366846084595, 0.017253322526812553, -0.027323367074131966, 0.0035441245418041945, 0.013794290833175182, 0.049935076385736465, -0.024150246754288673, 0.01776774227619171, 0.007675607223063707, 0.01564362272620201, -0.058521948754787445, -0.04738811030983925, 0.0029467034619301558, 0.0318736732006073, 0.019345898181200027, -0.012557393871247768, -0.04809913784265518, 0.011898921802639961, 0.03362157568335533, -0.007162014022469521, 0.015577922575175762, 0.009037168696522713, 0.047103408724069595, -0.01792372204363346, 0.033549435436725616, -0.043669044971466064, 0.027033597230911255, -0.00430920859798789, 0.004354550037533045, 0.03138475492596626, -0.009981953538954258, -0.01599792391061783, 0.013819823041558266, -0.0005239867023192346, 0.015961630269885063, 0.00728739146143198, 0.01869245059788227, 0.007318480405956507, 0.056442830711603165, -0.004179839976131916, -0.006703168619424105, 0.03817828744649887, 0.026282645761966705, -0.03650728240609169, -0.021791236475110054, -0.019427789375185966, -0.046831849962472916, -0.030108798295259476, -0.019886024296283722, -0.002920662984251976, 0.008630401454865932, 0.032374631613492966, 0.030154788866639137, -0.017371080815792084, 0.005121445283293724, -0.018068544566631317, 0.006031868048012257, -0.1437196433544159, -0.011073230765759945, -0.011439397931098938, 0.037937477231025696, -0.026256943121552467, -0.03222331404685974, 0.005973086692392826, -0.05520067363977432, -0.008814722299575806, -0.021537095308303833, -0.005664055701345205, -0.005869661457836628, 0.03633514791727066, -0.040947116911411285, 0.003957434557378292, 0.030144253745675087, -0.018763983622193336, 0.00921069085597992, -0.027935758233070374, -0.017365744337439537, 0.014116187579929829, 0.012566239573061466, -0.004238543566316366, 0.020495949313044548, -0.014320813119411469, 0.008745021186769009, 0.012734155170619488, -0.000781212467700243, 0.026695501059293747, 0.012551939114928246, -0.02336478978395462, -0.020044760778546333, 0.0032639713026583195, 0.061264198273420334, 0.014188862405717373, 0.02914055995643139, -0.012948725372552872, 0.0015962562756612897, -0.014418099075555801, 0.016587143763899803, 0.012329368852078915, 0.026068812236189842, -0.04144804924726486, -0.0049472376704216, 0.05426526814699173, 0.026939479634165764, 0.00040713956695981324, -0.03810206055641174, -0.052625127136707306, -0.008977178484201431, 0.00048111312207765877, 0.031571559607982635, -0.04693993553519249, 0.02766561135649681, 0.00880909338593483, 0.005741015542298555, -0.03130263835191727, -0.041588108986616135, -0.02187989465892315, 0.022449884563684464, -0.02762274071574211, 0.04045545309782028, -0.04088051989674568, -0.04772632569074631, -0.005838495679199696, 0.010270689614117146, -0.01021548081189394, 0.051574867218732834, -0.017704898491501808, -0.051494818180799484, -0.0445578433573246, -0.024872492998838425, -0.040805138647556305, -0.04255255311727524, -0.006351165939122438, 0.0009336075163446367, 0.012786809355020523, -0.008619035594165325, -0.0012954854173585773, -0.029043521732091904, -0.015273340977728367, -0.0007895543240010738, -0.029115982353687286, 0.06901934742927551, 0.0892091765999794, 0.0114298639819026, -0.013352110050618649, -0.003172065829858184, -0.06494242697954178, -0.0576658621430397, -0.02162417583167553, -0.026293296366930008, -0.04367075115442276, -0.004672426264733076, -0.023236840963363647, -0.008377043530344963, -0.012429855763912201, 0.03990894556045532, 0.0084378682076931, 0.0013027734821662307, -0.03401125594973564, -0.0015245451359078288, 0.008836130611598492, -0.0008530149352736771, -0.008596912026405334, 0.02080562710762024, 0.02687709592282772, 0.05458460748195648, -0.021425265818834305, 0.0005006928695365787, -0.05900033935904503, -0.005777682177722454, -0.02278742380440235, -0.012395299039781094, -0.05841755494475365, 0.023683980107307434, -0.01947551779448986, 0.01071388553828001, 0.008635113015770912, 0.019356833770871162, 0.0034568114206194878, 0.043088071048259735, 0.008752606809139252, -0.01476198248565197, -9.886676707537845e-05, -0.02903444878757, 0.04219627007842064, 0.035262204706668854, 0.0021607931703329086, 0.0030584651976823807, -0.008204612880945206, -0.002518423367291689, -0.012154120951890945, 0.0010387185029685497, 0.030229657888412476, 0.02157609350979328, -0.02662583254277706, 0.04792336747050285, -0.04120546579360962, -0.016531627625226974, -0.02073286660015583, -0.012100625783205032, 0.028468666598200798, -0.07431265711784363, 1.2135208635299932e-05, 0.005026450380682945, -0.005731648299843073, -0.02197832427918911, -0.00931820273399353, 0.004096556920558214, -0.025945564731955528, 0.01278111431747675, -0.00957435928285122, 0.0004208430473227054, -0.03270130977034569, 0.0033632738050073385, -0.0070098331198096275, 0.02460760995745659, -0.029793590307235718, 0.01886255294084549, -0.003767724148929119, -0.03232827037572861, -0.02604113519191742, 0.018824022263288498, 0.011943730525672436, 0.02160884253680706, -0.005059411283582449, 0.010448059998452663, -0.01671821065247059, 0.014676942490041256, 0.004667398054152727, 0.03168211877346039, -0.032947614789009094, -0.0024168069940060377, 0.027085788547992706, -0.0457003153860569, 0.013360926881432533, -0.025288572534918785, 0.06213162839412689, -0.001990121090784669, 0.019528178498148918, 0.014935065992176533, 0.0590815506875515, 0.014060379937291145, 0.0178797859698534, -0.00917891040444374, 0.004201579373329878, -0.015695111826062202, 0.012860431335866451, 0.050818927586078644, -0.03823128715157509, 0.016040800139307976, -0.004266179166734219, -0.006552780047059059, 0.007400169502943754, -0.023106597363948822, 0.016892777755856514, 0.0027703610248863697, 0.038203638046979904, 0.05838581547141075, -0.018488571047782898, 0.01042010635137558, 0.01675456389784813, 0.0025376174598932266, -0.029692109674215317, -0.02616475708782673, -0.025641627609729767, 0.01108473725616932, 0.0025997187476605177, 0.03230363503098488, -0.008255788125097752, 0.008163283579051495, -0.0064556775614619255, 0.02249373309314251, -0.013923466205596924, -0.01337955892086029, 0.003682662034407258, 0.022591086104512215, 0.01929684914648533, -0.02124788984656334, 0.056818556040525436, 0.02039629966020584, -0.021838443353772163, 0.005853171925991774, -0.04117660969495773, 0.0120093347504735, -0.030536172911524773, 0.0054580215364694595, -0.025183774530887604, -0.0048185246996581554, -0.02868102677166462, 0.037474650889635086, -0.0016171865863725543, 0.038998134434223175, 0.013896314427256584, 0.009374190121889114, 0.043224822729825974, 0.0027035651728510857, -0.002940729260444641, -0.02162027731537819, 0.025476953014731407, -0.010912150144577026, 0.0030428057070821524, 0.005628388840705156]",,
